7.329149117717764739e+01 1.872768696029255011e+02 0.000000000000000000e+00
3.786705588773895670e+02 2.421506414022583158e+02 1.000000000000000000e+00
3.354596615743846542e+02 2.391147297592716825e+02 1.000000000000000000e+00
2.559107923637163822e+02 2.490180230543048481e+02 1.000000000000000000e+00
1.308716220485466977e+02 1.529401661585492604e+02 0.000000000000000000e+00
2.667125586339975030e+02 2.568935655691675493e+02 1.000000000000000000e+00
3.746673259332650900e+02 2.802987332024561624e+02 1.000000000000000000e+00
3.192169798447114886e+02 2.112725574437158116e+02 1.000000000000000000e+00
3.668246410659672563e+01 1.444151751642882004e+02 0.000000000000000000e+00
7.425526388668437505e+01 3.106387391102293805e+01 0.000000000000000000e+00
3.728766039144162505e+02 2.469739811764630986e+02 1.000000000000000000e+00
6.323546220520225347e+01 1.277101539626086435e+02 0.000000000000000000e+00
3.100399246403329698e+02 2.921903170072113198e+02 1.000000000000000000e+00
1.132014045804124578e+02 2.090377732695303621e+02 0.000000000000000000e+00
2.599867860418518148e+02 3.169594282804283694e+02 1.000000000000000000e+00
1.018053606172804137e+02 2.135849922408023076e+02 0.000000000000000000e+00
1.314531184843590381e+02 1.013432361305622749e+02 0.000000000000000000e+00
3.142281406289593519e+02 2.309085491838708322e+02 1.000000000000000000e+00
1.073570197736123930e+02 1.045804095849756692e+02 0.000000000000000000e+00
1.404736973197675525e+02 9.368195820955325814e+01 0.000000000000000000e+00
2.854624887953579560e+02 2.811620488053196709e+02 1.000000000000000000e+00
3.408489897266865114e+02 2.783478109244170469e+02 1.000000000000000000e+00
2.840835160563663635e+02 2.813031552336790924e+02 1.000000000000000000e+00
2.344477077151128697e+02 2.206674876966533816e+02 1.000000000000000000e+00
4.560877097984744921e+01 1.183439675376813085e+02 0.000000000000000000e+00
3.560609366402098317e+02 2.563373538714212714e+02 1.000000000000000000e+00
1.062602615186150246e+02 1.292872414480110308e+02 0.000000000000000000e+00
6.606717908779069148e+01 1.069732212471930382e+02 0.000000000000000000e+00
-3.311865318797785562e+00 7.384198545391961943e+01 0.000000000000000000e+00
6.920335702218734752e+01 1.415699676516726981e+02 0.000000000000000000e+00
7.782761493714795620e+01 1.011744936738083425e+02 0.000000000000000000e+00
9.831314194837683829e+01 1.085245123044037001e+02 0.000000000000000000e+00
1.921566679073576722e+02 7.759936709113810593e+01 0.000000000000000000e+00
2.932714310893170477e+02 2.651164040695389872e+02 1.000000000000000000e+00
1.530584656946277278e+02 8.141574303174944305e+01 0.000000000000000000e+00
2.988057551345453362e+02 2.452731686253363250e+02 1.000000000000000000e+00
3.135623702376972233e+02 2.264147183219588157e+02 1.000000000000000000e+00
1.802154855908952413e+02 2.852375024432388386e+02 1.000000000000000000e+00
3.459340232276450706e+02 2.135659848944538908e+02 1.000000000000000000e+00
1.903723580276340783e+02 1.183097139335742867e+02 0.000000000000000000e+00
2.337862384676128897e+02 2.561457784326266278e+02 1.000000000000000000e+00
7.487649761433684148e+01 1.007589152615684895e+02 0.000000000000000000e+00
2.879686449409589386e+02 2.235756562409203241e+02 1.000000000000000000e+00
9.656276932113549094e+01 1.277717175218308654e+02 0.000000000000000000e+00
2.703653318318371248e+02 2.256683539967401941e+02 1.000000000000000000e+00
1.046059149256036847e+02 1.048340974848030953e+02 0.000000000000000000e+00
3.186551829752791605e+02 2.462242997435525922e+02 1.000000000000000000e+00
2.827561464995696952e+02 2.729100546742886308e+02 1.000000000000000000e+00
2.780200581478383697e+02 2.060571708977868184e+02 1.000000000000000000e+00
3.421671163575568926e+02 2.880333478801520073e+02 1.000000000000000000e+00
3.696251778358132469e+02 2.382605978044248900e+02 1.000000000000000000e+00
3.308269221785337209e+02 2.447824106486669109e+02 1.000000000000000000e+00
3.007006245311287103e+02 2.629450305843647584e+02 1.000000000000000000e+00
9.540898700916807229e+01 1.323500496734645253e+02 0.000000000000000000e+00
1.078027878860552420e+02 4.873748577177634900e+01 0.000000000000000000e+00
3.113725807599178097e+02 2.666160250468450954e+02 1.000000000000000000e+00
1.276171609753219514e+02 1.518668843345868709e+02 0.000000000000000000e+00
6.649287832368219142e+01 9.635267584942280905e+01 0.000000000000000000e+00
2.975178749680666215e+02 3.003666851844325265e+02 1.000000000000000000e+00
1.140712044272543295e+02 1.351694213414234582e+02 0.000000000000000000e+00
1.345407863352525908e+02 8.780985037448522235e+01 0.000000000000000000e+00
2.136772574415497274e+02 3.027420407236334654e+02 1.000000000000000000e+00
2.376800588726641479e+02 2.297186092093865000e+02 1.000000000000000000e+00
2.037769835107260974e+02 1.038387082459625219e+02 0.000000000000000000e+00
3.635104609498147283e+02 2.242696959284504601e+02 1.000000000000000000e+00
8.374787478219749914e+01 8.543820035590522366e+01 0.000000000000000000e+00
8.586273004971204159e+01 5.534103245395870374e+01 0.000000000000000000e+00
3.168367313670262888e+02 2.598640874504533826e+02 1.000000000000000000e+00
3.483940050564121975e+02 1.937558091443595742e+02 1.000000000000000000e+00
9.132201720253404176e+01 1.378157300357918871e+02 0.000000000000000000e+00
2.665657573007351289e+02 2.123162564450753678e+02 1.000000000000000000e+00
2.363420849816787381e+02 2.501288886577262360e+02 1.000000000000000000e+00
3.217044313399518387e+02 2.786375557374796585e+02 1.000000000000000000e+00
3.333060295785791141e+02 2.630826483648409067e+02 1.000000000000000000e+00
6.222214976326998226e+01 1.035980122718980567e+02 0.000000000000000000e+00
3.174919237499949531e+01 1.980310158092715938e+02 0.000000000000000000e+00
3.085986236250437287e+02 2.538887692801167191e+02 1.000000000000000000e+00
1.266553232812765657e+02 1.015712085044578714e+02 0.000000000000000000e+00
5.999138610441740838e+01 5.820915612889553614e+01 0.000000000000000000e+00
6.943424304374227063e+01 6.248834104793686350e+01 0.000000000000000000e+00
3.556213586829575206e+02 1.843460556470788276e+02 1.000000000000000000e+00
1.514393602832117267e+02 5.972006407142912110e+01 0.000000000000000000e+00
1.439863838354845313e+02 1.462105492289039148e+02 0.000000000000000000e+00
8.119868469196501337e+01 1.113307411769784494e+02 0.000000000000000000e+00
8.753789871490509711e+01 1.222466136891898145e+02 0.000000000000000000e+00
3.082034650092741686e+02 2.964613521423647171e+02 1.000000000000000000e+00
1.695549070981804221e+02 1.597757756526199557e+02 0.000000000000000000e+00
3.347602537127504547e+02 2.573672505881418715e+02 1.000000000000000000e+00
1.492116272291088421e+02 1.680951939513764444e+02 0.000000000000000000e+00
3.060327282533037305e+02 2.397811685524892198e+02 1.000000000000000000e+00
2.754949704450025934e+02 2.170868670282287383e+02 1.000000000000000000e+00
9.468477689652178242e+01 1.080883648239308741e+02 0.000000000000000000e+00
3.503097686998415270e+02 1.665346008231782946e+02 1.000000000000000000e+00
3.160354271641648438e+02 2.496137105386836765e+02 1.000000000000000000e+00
3.016432890457551821e+02 2.737386367841295396e+02 1.000000000000000000e+00
2.812275705488357289e+02 2.850278271511802473e+02 1.000000000000000000e+00
2.801681802181916510e+02 2.986631085497176059e+02 1.000000000000000000e+00
2.965953758992237681e+02 2.274279586679135718e+02 1.000000000000000000e+00
2.450782979619641822e+02 2.072903195592357406e+02 1.000000000000000000e+00
1.125227080660360599e+02 8.583617042793100893e+01 0.000000000000000000e+00
9.931918344554237876e+01 1.351660694222032646e+02 0.000000000000000000e+00
3.095946842358111439e+02 2.563583469650257030e+02 1.000000000000000000e+00
3.470306791728066287e+01 1.173146338154191284e+02 0.000000000000000000e+00
5.128245953627396148e+01 1.078014544858231858e+02 0.000000000000000000e+00
3.859829813946914783e+02 2.463902460133699890e+02 1.000000000000000000e+00
2.518505923120088141e+02 2.666817401187041696e+02 1.000000000000000000e+00
2.358104588055605291e+02 3.083485899870397589e+02 1.000000000000000000e+00
1.277509261076052951e+02 1.136170624741493214e+02 0.000000000000000000e+00
7.365788132779985631e+01 9.943064136240045059e+01 0.000000000000000000e+00
9.775467918204971340e+01 1.199445982905961756e+02 0.000000000000000000e+00
2.606752726501716779e+02 2.140671211427193725e+02 1.000000000000000000e+00
2.884397915618307024e+02 1.700544209766650852e+02 1.000000000000000000e+00
3.135290189474046088e+02 2.760712504680246298e+02 1.000000000000000000e+00
3.381675832359505876e+02 2.717657900943203231e+02 1.000000000000000000e+00
1.123332498383738027e+02 6.487666131743691267e+01 0.000000000000000000e+00
1.244770877092463195e+02 6.634013097667829584e+01 0.000000000000000000e+00
3.350690709476181155e+02 1.769235448678192881e+02 1.000000000000000000e+00
3.007516716709703246e+02 2.262489020888532991e+02 1.000000000000000000e+00
1.328634284819918321e+02 1.202117058519744290e+02 0.000000000000000000e+00
2.630870674001268981e+02 1.919464600723590024e+02 1.000000000000000000e+00
2.474860130180083218e+02 3.065949654368969277e+02 1.000000000000000000e+00
1.015452220736075191e+02 5.373139590712185054e+01 0.000000000000000000e+00
4.376148334928402761e+01 9.639769416521841094e+01 0.000000000000000000e+00
3.305798981213413299e+02 2.392650905916247552e+02 1.000000000000000000e+00
2.641452110979128065e+02 1.714907196343699241e+02 1.000000000000000000e+00
1.109806543089575825e+02 8.436339668017888016e+01 0.000000000000000000e+00
2.975344779131114024e+02 1.926905804026356748e+02 1.000000000000000000e+00
2.948703210388919160e+02 2.391291373403721252e+02 1.000000000000000000e+00
6.564110446222630912e+01 8.404231374137856392e+01 0.000000000000000000e+00
3.270984867738564503e+02 2.520728155792968721e+02 1.000000000000000000e+00
2.674482206707477872e+02 1.920352955705227771e+02 1.000000000000000000e+00
7.869188832081782436e+01 1.636299893773800136e+02 0.000000000000000000e+00
3.348384712868647739e+02 2.148811753385651855e+02 1.000000000000000000e+00
3.723252724231590491e+02 2.674655389851717473e+02 1.000000000000000000e+00
2.611038844259001053e+02 3.038488429288919974e+02 1.000000000000000000e+00
2.986672286861938801e+02 1.887678601040202864e+02 1.000000000000000000e+00
9.479572183225184290e+01 1.237581291754227522e+02 0.000000000000000000e+00
3.004074207484829344e+02 3.379318535468196956e+02 1.000000000000000000e+00
8.243241912791408765e+01 1.272535371687128531e+02 0.000000000000000000e+00
3.178809662754271130e+02 2.542287998186861842e+02 1.000000000000000000e+00
2.917222115777083786e+02 2.228761815685501233e+02 1.000000000000000000e+00
9.606189902298271477e+01 9.346086854551570866e+01 0.000000000000000000e+00
2.657903817099654589e+02 3.002887860331597949e+02 1.000000000000000000e+00
7.858919341868622155e+01 1.210162083354006342e+02 0.000000000000000000e+00
7.263956409051132823e+01 1.863820318475948739e+02 0.000000000000000000e+00
2.664147021130723374e+02 1.952701961864643749e+02 1.000000000000000000e+00
2.323051825010356595e+02 2.791738538512170180e+02 1.000000000000000000e+00
1.079720078758586084e+02 1.179758583615333691e+02 0.000000000000000000e+00
3.199490783324772565e+02 2.204827287903507909e+02 1.000000000000000000e+00
6.937191222087655262e+01 1.422314785633149086e+02 0.000000000000000000e+00
2.334330805933530542e+02 2.449372267344243994e+02 1.000000000000000000e+00
3.287867268214932892e+02 2.400632277317984631e+02 1.000000000000000000e+00
3.008742943287948606e+02 2.517015629611916268e+02 1.000000000000000000e+00
2.942924915170614213e+02 2.008945431835836644e+02 1.000000000000000000e+00
3.119485463996803674e+02 2.864258268891987882e+02 1.000000000000000000e+00
7.614743846197967514e+01 1.178973081492181478e+02 0.000000000000000000e+00
3.012507018811027706e+02 2.463155154123217585e+02 1.000000000000000000e+00
2.838724677260186695e+02 2.879762209517287488e+02 1.000000000000000000e+00
6.777493969842528543e+01 7.526752302713471465e+01 0.000000000000000000e+00
2.453934849109932657e+02 3.278839457128142953e+02 1.000000000000000000e+00
1.141126642597751299e+02 1.138890230581836533e+02 0.000000000000000000e+00
1.309077934840952651e+02 5.353606835541745568e+01 0.000000000000000000e+00
-2.119592633363140521e+00 1.461447438176144260e+02 0.000000000000000000e+00
3.013235900455504179e+02 2.158335495674258198e+02 1.000000000000000000e+00
1.199220961873142670e+02 1.189523105062299777e+02 0.000000000000000000e+00
1.306665272658034382e+02 1.342517126988915663e+02 0.000000000000000000e+00
1.545812739240988662e+02 9.242203261800248981e+01 0.000000000000000000e+00
3.582323180734737207e+02 2.522196890177521027e+02 1.000000000000000000e+00
3.030575208763077910e+01 6.787028983550737848e+01 0.000000000000000000e+00
2.985702906580730769e+02 2.634406297064796831e+02 1.000000000000000000e+00
4.072228336307600216e+02 2.419676594401733780e+02 1.000000000000000000e+00
1.182966242488396347e+02 8.141551945065086215e+01 0.000000000000000000e+00
1.531113078383193056e+02 1.159487405513040272e+02 0.000000000000000000e+00
2.597585256831843594e+02 2.171380069758747027e+02 1.000000000000000000e+00
3.011003880811934437e+02 3.392806555810071245e+02 1.000000000000000000e+00
1.320225921372398830e+02 1.231304070064664558e+02 0.000000000000000000e+00
6.787434450633486449e+01 1.014264923425803318e+02 0.000000000000000000e+00
3.428138825877563534e+01 1.037571281496067286e+02 0.000000000000000000e+00
4.828572361106205335e+01 1.306820347739673025e+02 0.000000000000000000e+00
3.241083062571731830e+02 2.262140092111837930e+02 1.000000000000000000e+00
3.980491887630030305e+02 2.415517606547392120e+02 1.000000000000000000e+00
1.659253972883023778e+02 1.265691102194933535e+02 0.000000000000000000e+00
5.863028632862140910e+01 1.472637807312650864e+02 0.000000000000000000e+00
2.630435193675999130e+02 3.064860679319452288e+02 1.000000000000000000e+00
1.148330000512440847e+02 1.256824722074894254e+02 0.000000000000000000e+00
2.697814909453746850e+02 2.019519392393044370e+02 1.000000000000000000e+00
3.418009350201076018e+02 2.739615810550473611e+02 1.000000000000000000e+00
7.411274272608957858e+01 1.388898860035139364e+02 0.000000000000000000e+00
1.202895580443846058e+02 1.153508119845140385e+02 0.000000000000000000e+00
3.592655804109851658e+01 8.451276232619838424e+01 0.000000000000000000e+00
3.242844668766418295e+02 2.080731837269810853e+02 1.000000000000000000e+00
1.158402685064658044e+02 7.627753965077977227e+01 0.000000000000000000e+00
3.238762592499181778e+02 2.105085322616939152e+02 1.000000000000000000e+00
3.469461895062019607e+01 5.728929102766183945e+01 0.000000000000000000e+00
3.077285421293478862e+02 3.018936835637156264e+02 1.000000000000000000e+00
2.993688313151602074e+02 2.303307956794589018e+02 1.000000000000000000e+00
3.216049210560197480e+02 3.416186828212215687e+02 1.000000000000000000e+00
1.135561650086377767e+02 2.008417424593918952e+02 0.000000000000000000e+00
3.384222889782891457e+02 2.590336191441076039e+02 1.000000000000000000e+00
1.325807928995146483e+02 1.223570235672652018e+02 0.000000000000000000e+00
2.583760307965941934e+02 2.373758750645656619e+02 1.000000000000000000e+00
1.586631486229670998e+02 1.541020775784492685e+02 0.000000000000000000e+00
1.211577447366632896e+02 1.298459115473937686e+02 0.000000000000000000e+00
1.176413162909260564e+02 1.271517146293271878e+02 0.000000000000000000e+00
2.683790791266769133e+02 2.137079951389869166e+02 1.000000000000000000e+00
8.953418217156396963e+01 1.127102086484022863e+02 0.000000000000000000e+00
1.431278921485695150e+02 1.763261334623614118e+01 0.000000000000000000e+00
3.214638608226729275e+02 2.661878182245720268e+02 1.000000000000000000e+00
3.086221221515473871e+02 2.727202943690567736e+02 1.000000000000000000e+00
3.667700322550787178e+02 2.620795684143021163e+02 1.000000000000000000e+00
2.195247872302116434e+02 2.735881442229889444e+02 1.000000000000000000e+00
2.867159089060469910e+02 2.211427481771297607e+02 1.000000000000000000e+00
3.061867533458532762e+02 2.916627355527432428e+02 1.000000000000000000e+00
3.861247917028233019e+02 2.687321963075836493e+02 1.000000000000000000e+00
1.108468073854924398e+02 8.794012458422500345e+01 0.000000000000000000e+00
2.904281363543062184e+02 2.401282576884499349e+02 1.000000000000000000e+00
1.343169569716934575e+02 1.656440746663029415e+02 0.000000000000000000e+00
2.760739818993405379e+02 1.891984285923174411e+02 1.000000000000000000e+00
3.083939791169221962e+02 2.003750160177509088e+02 1.000000000000000000e+00
2.934698020466728394e+02 2.465417886915581107e+02 1.000000000000000000e+00
2.577010540879388145e+02 2.277605987248413157e+02 1.000000000000000000e+00
2.617141010739593412e+02 1.960630272351319547e+02 1.000000000000000000e+00
1.350333104634932511e+02 1.153957012605109327e+02 0.000000000000000000e+00
2.673889735545416784e+02 3.220485596323413802e+02 1.000000000000000000e+00
3.479206612135821786e+01 1.385112902210309755e+02 0.000000000000000000e+00
1.153092972004907324e+02 1.186303087787218402e+02 0.000000000000000000e+00
3.095658232261515082e+02 3.059158504434694237e+02 1.000000000000000000e+00
1.489948225677463824e+02 1.225942442537430423e+02 0.000000000000000000e+00
1.358104109155972026e+02 1.749985626557195815e+02 0.000000000000000000e+00
3.369518624125578867e+02 2.446972794138512768e+02 1.000000000000000000e+00
7.817152103928870588e+01 4.461656620082209201e+01 0.000000000000000000e+00
2.870026016671800448e+02 2.215477456102884730e+02 1.000000000000000000e+00
7.961391272993385826e+01 1.024770279355525417e+02 0.000000000000000000e+00
1.141903077245287221e+02 1.446754621757311554e+02 0.000000000000000000e+00
2.749777185956298808e+02 2.896854731407402141e+02 1.000000000000000000e+00
3.393454478315671849e+02 2.465754018307801232e+02 1.000000000000000000e+00
2.816943762284189461e+02 2.648724432598997396e+02 1.000000000000000000e+00
2.254880776613971705e+01 1.275511438717531405e+02 0.000000000000000000e+00
9.031920680519121447e+01 1.807304468142282303e+02 0.000000000000000000e+00
3.045023012362581767e+02 2.237781988206256756e+02 1.000000000000000000e+00
1.090232665427521397e+02 1.755658126271171113e+02 0.000000000000000000e+00
1.753260278822501732e+02 6.608963755430214349e+01 0.000000000000000000e+00
2.674561601162197348e+02 2.291343396011752418e+02 1.000000000000000000e+00
1.595300877518239986e+02 1.958355670412233280e+02 0.000000000000000000e+00
1.118693268997645305e+02 1.531994463632441352e+02 0.000000000000000000e+00
3.539214312169887648e+02 2.863079519195159719e+02 1.000000000000000000e+00
3.082676204683201604e+02 2.712417002791223695e+02 1.000000000000000000e+00
2.975855002243064291e+02 2.215583761283555475e+02 1.000000000000000000e+00
9.856927712559115662e+01 2.152298140487900184e+02 0.000000000000000000e+00
1.188173257938592826e+02 1.324578828621662296e+02 0.000000000000000000e+00
6.845322981962534925e+01 1.637855349884836471e+02 0.000000000000000000e+00
3.488553983783679087e+02 2.422863268582414094e+02 1.000000000000000000e+00
5.307506379543360708e+01 1.977448474259716988e+02 0.000000000000000000e+00
3.063700187349480757e+02 1.716580417945384625e+02 1.000000000000000000e+00
3.182923858688324685e+02 2.884936697925738258e+02 1.000000000000000000e+00
2.326193097830046668e+02 2.822625507158503524e+02 1.000000000000000000e+00
7.969929593370571297e+01 7.792479589793303774e+01 0.000000000000000000e+00
2.556208978545541868e+02 2.280992759728227384e+02 1.000000000000000000e+00
1.231408599091551395e+02 1.339861782797269711e+02 0.000000000000000000e+00
1.089537425325164293e+02 1.331849192851095154e+02 0.000000000000000000e+00
1.015906693834598116e+02 5.732021156553589947e+01 0.000000000000000000e+00
1.427403759726403791e+02 1.018645678459444923e+02 0.000000000000000000e+00
8.610197390005747309e+01 9.674926092558699509e+01 0.000000000000000000e+00
2.310708699713470651e+02 3.219015754850361759e+02 1.000000000000000000e+00
8.450692730368190553e+01 1.079078899769865814e+02 0.000000000000000000e+00
2.602655449830745624e+02 3.316828859930781732e+02 1.000000000000000000e+00
3.027439690992264332e+02 2.391089559541967731e+02 1.000000000000000000e+00
3.165636541517437763e+02 2.297106215242031055e+02 1.000000000000000000e+00
2.396135357572680391e+02 2.389043443302755918e+02 1.000000000000000000e+00
2.788452058577553885e+02 2.569484741194809203e+02 1.000000000000000000e+00
2.496085062637891951e+02 2.511448201675113125e+02 1.000000000000000000e+00
3.995376645732451379e+02 3.178387813205667953e+02 1.000000000000000000e+00
2.758464178881539510e+02 2.040178374697152890e+02 1.000000000000000000e+00
3.446922126214665809e+02 2.292439918230059277e+02 1.000000000000000000e+00
3.292969603901950677e+02 2.349911039695730892e+02 1.000000000000000000e+00
2.419237788227300996e+02 2.652881115114117279e+02 1.000000000000000000e+00
7.605384252308056148e+01 7.536412056158422956e+01 0.000000000000000000e+00
3.162662834986752500e+02 2.980679142267002817e+02 1.000000000000000000e+00
5.818986535412180672e+01 1.684458115873080430e+02 0.000000000000000000e+00
2.695055385308956488e+02 1.921223866097676591e+02 1.000000000000000000e+00
3.329822887825694693e+02 2.712471346614278218e+02 1.000000000000000000e+00
7.462711625276145355e+01 1.054903533605144759e+02 0.000000000000000000e+00
2.863723062448827932e+02 1.994730835165938174e+02 1.000000000000000000e+00
8.927986516194478384e+01 1.520982558318557949e+02 0.000000000000000000e+00
1.150570212462251760e+02 7.602396837663221163e+01 0.000000000000000000e+00
2.698518213527759713e+02 2.555075930361338976e+02 1.000000000000000000e+00
1.432550413783275758e+02 9.474496046202445143e+01 0.000000000000000000e+00
2.702973376248679926e+01 1.321441561784800456e+02 0.000000000000000000e+00
1.613111685743382964e+02 1.787743507960113902e+02 0.000000000000000000e+00
3.000588400098164357e+02 2.193318058185240034e+02 1.000000000000000000e+00
2.981954678522666313e+02 2.531648689571813975e+02 1.000000000000000000e+00
3.066345409061414671e+02 3.031656513098221239e+02 1.000000000000000000e+00
1.209310664212701454e+02 1.131381467511100709e+02 0.000000000000000000e+00
9.456201197286716820e+01 1.654756545041078084e+02 0.000000000000000000e+00
6.830853352775420717e+01 9.873576367954180455e+01 0.000000000000000000e+00
3.100932572553808768e+02 2.343680801567594472e+02 1.000000000000000000e+00
9.206404412719817287e+01 1.237676920124058597e+02 0.000000000000000000e+00
3.416034498021481340e+02 2.565857523810558973e+02 1.000000000000000000e+00
9.906307579914191308e+01 1.631677891244995635e+02 0.000000000000000000e+00
1.455760273817320183e+02 7.060696718585390386e+01 0.000000000000000000e+00
4.048229538407295536e+02 2.201010728773848086e+02 1.000000000000000000e+00
3.310009305289668191e+02 2.673135048599997390e+02 1.000000000000000000e+00
3.064623706895267219e+02 3.125361898011572066e+02 1.000000000000000000e+00
2.617136760689836024e+02 2.905588861644864664e+02 1.000000000000000000e+00
6.555097259781189223e+01 1.964025981239613543e+02 0.000000000000000000e+00
7.250803851373345310e+01 1.153010181432755417e+02 0.000000000000000000e+00
1.325069616843616984e+02 1.434903751759930515e+02 0.000000000000000000e+00
1.199476109963930952e+02 1.619188862387221093e+02 0.000000000000000000e+00
1.548395602516448548e+02 9.960627031446082924e+01 0.000000000000000000e+00
4.671153381621992651e+01 4.125501240855919605e+01 0.000000000000000000e+00
1.564468825555844660e+02 1.514321530732468943e+02 0.000000000000000000e+00
1.747023196059986958e+02 8.090888480494356827e+01 0.000000000000000000e+00
3.360021697105628959e+02 3.220896891916219147e+02 1.000000000000000000e+00
2.813023596149637342e+02 2.155938646030134578e+02 1.000000000000000000e+00
7.020980711806240038e+01 8.694245845363943204e+01 0.000000000000000000e+00
9.034648834187581201e+01 8.487238628759706671e+01 0.000000000000000000e+00
5.409556220627458600e+01 1.056754369808057277e+02 0.000000000000000000e+00
2.864527125821841196e+02 3.313905017608461776e+02 1.000000000000000000e+00
2.975302679416839737e+02 2.321265498534951632e+02 1.000000000000000000e+00
3.186516017420075855e+02 3.185932643470417247e+02 1.000000000000000000e+00
5.433047314352791091e+00 1.208133672682097313e+02 0.000000000000000000e+00
2.687878237399384034e+02 2.608445118578686106e+02 1.000000000000000000e+00
3.107609629270498885e+02 2.709967145458352888e+02 1.000000000000000000e+00
2.937985676752669519e+02 2.526424104714596979e+02 1.000000000000000000e+00
2.498962663398672248e+02 2.265471989915546942e+02 1.000000000000000000e+00
1.342732244761076572e+02 9.395897626799413160e+01 0.000000000000000000e+00
2.889270802090444477e+02 2.949562122245775413e+02 1.000000000000000000e+00
2.930614441170848181e+02 2.295988184097753333e+02 1.000000000000000000e+00
1.471511828463860354e+02 1.128030065675059603e+02 0.000000000000000000e+00
2.764308405395939872e+02 2.320613997518376266e+02 1.000000000000000000e+00
1.389014315657014720e+02 2.053547298881815095e+02 0.000000000000000000e+00
1.380035367010235632e+02 1.139457116680920876e+02 0.000000000000000000e+00
3.011104852650200314e+02 2.329783114891420723e+02 1.000000000000000000e+00
2.307889575379965663e+02 2.735496962723002525e+02 1.000000000000000000e+00
3.607503734785432243e+02 2.031535815419968003e+02 1.000000000000000000e+00
2.697402588447700964e+02 2.620605622958706249e+02 1.000000000000000000e+00
3.010695353069854718e+02 2.573380101432630340e+02 1.000000000000000000e+00
3.183833961933622732e+02 2.612023144015071807e+02 1.000000000000000000e+00
1.095833103942556477e+02 1.052079533478478766e+02 0.000000000000000000e+00
8.452516612597413825e+01 9.958829041465486398e+01 0.000000000000000000e+00
7.041748014434746494e+01 1.817205838162694249e+02 0.000000000000000000e+00
2.738686119228844404e+02 2.531405610069670615e+02 1.000000000000000000e+00
2.340313210233147174e+02 3.059424836850214433e+02 1.000000000000000000e+00
4.918060006057065436e+01 1.587758683263204489e+02 0.000000000000000000e+00
4.034969629177577843e+01 1.375756680505814700e+02 0.000000000000000000e+00
3.226618126327284699e+02 2.558521778400417759e+02 1.000000000000000000e+00
3.091221330049626772e+02 2.580591978681773071e+02 1.000000000000000000e+00
8.537795640055850299e+01 1.575237016362258373e+02 0.000000000000000000e+00
2.648335748465970028e+02 2.407559356962801473e+02 1.000000000000000000e+00
4.312320513438252334e+01 1.999182431900001689e+02 0.000000000000000000e+00
3.077145582220154552e+02 2.037193087673652769e+02 1.000000000000000000e+00
5.805788139731629371e+01 6.319928251284099474e+01 0.000000000000000000e+00
3.039351162726190410e+02 2.652566501683668321e+02 1.000000000000000000e+00
8.003933448023268227e+01 1.208540489537419376e+02 0.000000000000000000e+00
9.465193761326243305e+01 1.631097522390505219e+02 0.000000000000000000e+00
1.846716408593470078e+02 5.556486386200265315e+01 0.000000000000000000e+00
9.730897564308072845e+01 6.726416521421063521e+01 0.000000000000000000e+00
3.323672118741264967e+02 2.020762847923584786e+02 1.000000000000000000e+00
2.976437666249123026e+01 1.380373784722365826e+02 0.000000000000000000e+00
2.544396722753213851e+02 2.014239446816296208e+02 1.000000000000000000e+00
1.298875333681852737e+02 7.244220179185055031e+01 0.000000000000000000e+00
3.161050212452013852e+02 1.789644800015268515e+02 1.000000000000000000e+00
2.788531736425804866e+02 2.456798465287616864e+02 1.000000000000000000e+00
1.907901849595043018e+02 6.182537301604941149e+01 0.000000000000000000e+00
2.877618969960643085e+02 2.324610216786157650e+02 1.000000000000000000e+00
6.968516558299336339e+01 1.179966362286071160e+02 0.000000000000000000e+00
3.446913386275276139e+02 1.874438146064093473e+02 1.000000000000000000e+00
3.343641677114212030e+02 2.176149369583955036e+02 1.000000000000000000e+00
8.081376743968209553e+01 1.448143319337405046e+02 0.000000000000000000e+00
7.450251897791083877e+01 1.041091274268480902e+02 0.000000000000000000e+00
3.387497757244458398e+02 2.207857161776815929e+02 1.000000000000000000e+00
3.396363669473938103e+02 2.425316355276088416e+02 1.000000000000000000e+00
7.913681288026506877e+01 7.261253638353792894e+01 0.000000000000000000e+00
6.802310401827614328e+01 1.296315003896775409e+02 0.000000000000000000e+00
1.938658812210624660e+02 6.883355571886966118e+01 0.000000000000000000e+00
1.289240197495119276e+02 1.209844850099164688e+02 0.000000000000000000e+00
1.181512765054273615e+02 4.681038355981874588e+01 0.000000000000000000e+00
9.587124592825767877e+01 1.364239400775348940e+02 0.000000000000000000e+00
3.005499394934213342e+02 1.762119534548781417e+02 1.000000000000000000e+00
1.275927265813915312e+02 1.720738491825999290e+02 0.000000000000000000e+00
4.662966114388986227e+01 6.613129976809779009e+01 0.000000000000000000e+00
9.102964262993438638e+01 1.079100107817971974e+02 0.000000000000000000e+00
8.145616101415623689e+01 1.392592589509384879e+02 0.000000000000000000e+00
1.257325786025171226e+02 5.717506365466189067e+01 0.000000000000000000e+00
2.736022917959064671e+02 2.585206866971955151e+02 1.000000000000000000e+00
3.307508257759790240e+02 2.331468965070127695e+02 1.000000000000000000e+00
8.541225822433258941e+01 1.262681542108945649e+02 0.000000000000000000e+00
1.026606888953267145e+02 1.320988759095912428e+02 0.000000000000000000e+00
1.983137138004339306e+01 1.350750608340356962e+02 0.000000000000000000e+00
3.386707204466583789e+02 2.703227163756591267e+02 1.000000000000000000e+00
3.292140716150807975e+02 2.941831389428590455e+02 1.000000000000000000e+00
1.372163398444446614e+02 1.129873439069192074e+02 0.000000000000000000e+00
3.704506450967945170e+02 2.801638265462497088e+02 1.000000000000000000e+00
1.187354093710820706e+02 1.894351599074285275e+02 0.000000000000000000e+00
3.281644408856632822e+02 1.901728193497193615e+02 1.000000000000000000e+00
3.351755976765347782e+02 2.754169810621598344e+02 1.000000000000000000e+00
1.376987247688157368e+02 1.092962101505860915e+02 0.000000000000000000e+00
6.364947016163787907e+01 1.030272951608839378e+02 0.000000000000000000e+00
8.553602876873520700e+01 1.625834054451140673e+02 0.000000000000000000e+00
2.749989043726131399e+02 2.343842922405796685e+02 1.000000000000000000e+00
3.568790223716985679e+02 2.682545345392314289e+02 1.000000000000000000e+00
3.174218463718261205e+02 2.260310289016112222e+02 1.000000000000000000e+00
9.770121926138421031e+01 1.043513179130393524e+02 0.000000000000000000e+00
1.304415090058797375e+02 1.248670006597131419e+02 0.000000000000000000e+00
1.057617428464351121e+02 1.781709402785189980e+02 0.000000000000000000e+00
8.584024354986064509e+01 6.500194826327924602e+01 0.000000000000000000e+00
1.050764837081447922e+02 1.360795745377880621e+02 0.000000000000000000e+00
1.079186915977986985e+02 1.632774087390906175e+02 0.000000000000000000e+00
2.543239432318461297e+02 1.975611851823514939e+02 1.000000000000000000e+00
3.086871853055312158e+02 2.531284472436860824e+02 1.000000000000000000e+00
3.075881044831998565e+02 3.181028060896716170e+02 1.000000000000000000e+00
6.418133755225298387e+01 1.354760999143704794e+02 0.000000000000000000e+00
7.001238621188413447e+01 1.213123499045484692e+02 0.000000000000000000e+00
2.980662150488072371e+02 2.256759497219323976e+02 1.000000000000000000e+00
3.223719592556353746e+02 2.074521763589780790e+02 1.000000000000000000e+00
3.064264475927909075e+02 2.118942018873844972e+02 1.000000000000000000e+00
7.310158208896196186e+01 1.056178735383783476e+02 0.000000000000000000e+00
6.410396292392678674e+01 1.724988146856398430e+02 0.000000000000000000e+00
2.522005277892535844e+02 2.299836133078294438e+02 1.000000000000000000e+00
3.537048804204141561e+02 2.204025658813896200e+02 1.000000000000000000e+00
1.309301190961039936e+02 7.264477439226729416e+01 0.000000000000000000e+00
1.114761795201338543e+02 2.717622896837033863e+01 0.000000000000000000e+00
1.506031135235506326e+02 1.284598805092751093e+02 0.000000000000000000e+00
1.179278113769324960e+02 1.878472629131264284e+02 0.000000000000000000e+00
1.461673612197607781e+02 1.269001766597146315e+02 0.000000000000000000e+00
1.268917902804974176e+02 1.362984734496444048e+02 0.000000000000000000e+00
3.034470736952047787e+02 3.376359205295935908e+02 1.000000000000000000e+00
2.844738323007100007e+02 2.476028798931563699e+02 1.000000000000000000e+00
3.279654461487477306e+02 2.380496159772025635e+02 1.000000000000000000e+00
7.390365670451919300e+01 1.043618649924959527e+02 0.000000000000000000e+00
3.178884834981932386e+02 2.253551550670608208e+02 1.000000000000000000e+00
7.929923829958386250e+01 8.084680562564921047e+01 0.000000000000000000e+00
3.337998241200334633e+02 2.229762468947974696e+02 1.000000000000000000e+00
2.742818978658843889e+02 2.560046090802451886e+02 1.000000000000000000e+00
4.303756364069873541e+01 1.002672046655122386e+02 0.000000000000000000e+00
1.235951928293807782e+02 1.054456476011684032e+02 0.000000000000000000e+00
7.634389328767557004e+01 1.649767673804147421e+02 0.000000000000000000e+00
2.595290366357804714e+02 2.533987254815083077e+02 1.000000000000000000e+00
3.167141481286930684e+02 2.483992509859346853e+02 1.000000000000000000e+00
7.597369769368846448e+01 1.820897272019424236e+02 0.000000000000000000e+00
2.403893844837080565e+02 3.098455854780652885e+02 1.000000000000000000e+00
1.018303406920578453e+02 1.125126459989666614e+02 0.000000000000000000e+00
3.089700888386272482e+02 1.828524654868537311e+02 1.000000000000000000e+00
3.640107127499503576e+02 2.424466087912886394e+02 1.000000000000000000e+00
5.582466642286198066e+01 1.220866031704389769e+02 0.000000000000000000e+00
1.023957873246510388e+02 1.114990782091876298e+02 0.000000000000000000e+00
4.736370357953915544e+01 1.015366158074116356e+02 0.000000000000000000e+00
2.598270915114154604e+02 2.100723308707254375e+02 1.000000000000000000e+00
2.773800877450137250e+02 2.690412553375246034e+02 1.000000000000000000e+00
1.372739349645721632e+02 1.335985993520504849e+02 0.000000000000000000e+00
9.475783953834350370e+01 1.653231951823888721e+02 0.000000000000000000e+00
2.813002730536858849e+02 2.155002680110106326e+02 1.000000000000000000e+00
2.267988579828875970e+02 2.221665952260181029e+02 1.000000000000000000e+00
1.211618095333772658e+02 1.369051448683530339e+02 0.000000000000000000e+00
3.400532406938691565e+02 2.738885001761369722e+02 1.000000000000000000e+00
1.114537475556911801e+02 1.443537533790180305e+02 0.000000000000000000e+00
3.182461214330822372e+02 2.356968387212560856e+02 1.000000000000000000e+00
2.357424124220066801e+02 1.950778585583228733e+02 1.000000000000000000e+00
3.384019096459971365e+02 2.333400367025323021e+02 1.000000000000000000e+00
2.806700183008356930e+02 2.501028472972604106e+02 1.000000000000000000e+00
3.573341001152796821e+02 2.667359204523676794e+02 1.000000000000000000e+00
3.798282619666075988e+01 1.366927528412734318e+02 0.000000000000000000e+00
3.127647360034512758e+02 2.622905912202236323e+02 1.000000000000000000e+00
4.010547296142399318e+02 3.207968555278693543e+02 1.000000000000000000e+00
2.281134153841752550e+02 2.179098731307675507e+02 1.000000000000000000e+00
1.270584292944649292e+02 1.047196417768871868e+02 0.000000000000000000e+00
3.928319935712119104e+02 2.546836348862176749e+02 1.000000000000000000e+00
1.460932625913247875e+02 1.631847436814728383e+02 0.000000000000000000e+00
3.045095176494294833e+02 2.762907076121911132e+02 1.000000000000000000e+00
6.176219998028891922e+01 1.061607289720245433e+02 0.000000000000000000e+00
5.880258866764093995e+01 1.060022654164358045e+02 0.000000000000000000e+00
3.018066342375532258e+02 3.243738533540651474e+02 1.000000000000000000e+00
1.056781265328311861e+02 1.072268633141961942e+02 0.000000000000000000e+00
3.529743499998335778e+02 2.431119682921246863e+02 1.000000000000000000e+00
2.546562869744616364e+02 2.898703857127926540e+02 1.000000000000000000e+00
1.336652505629454595e+02 1.100216567935620446e+02 0.000000000000000000e+00
3.320820695496206554e+02 1.761387207334130949e+02 1.000000000000000000e+00
3.394127003575946446e+02 2.806767867864479626e+02 1.000000000000000000e+00
3.035012588368668389e+02 2.875498750272923871e+02 1.000000000000000000e+00
9.369331935344736451e+01 2.102689398919283690e+02 0.000000000000000000e+00
1.087803822317218163e+02 1.357225173592036640e+02 0.000000000000000000e+00
3.441477582984859964e+02 2.660212273839482577e+02 1.000000000000000000e+00
3.127772733332612347e+02 2.444888314285691706e+02 1.000000000000000000e+00
6.248479075394192961e+01 1.373243181260537540e+02 0.000000000000000000e+00
3.647221707600090213e+02 2.170236351468866189e+02 1.000000000000000000e+00
1.782364923300277724e+02 1.356037329075170703e+02 0.000000000000000000e+00
5.781486144059944365e+01 1.528099134929872491e+02 0.000000000000000000e+00
3.088985265603442940e+02 2.464649790720337990e+02 1.000000000000000000e+00
9.778589807910441323e+01 1.094425060562924870e+02 0.000000000000000000e+00
2.807903183304710524e+02 2.290699622646041860e+02 1.000000000000000000e+00
3.161558408334389583e+02 3.274684984961020859e+02 1.000000000000000000e+00
9.940569186581188887e+01 1.528562374809924336e+02 0.000000000000000000e+00
8.194787851589896377e+01 1.306275189986494354e+02 0.000000000000000000e+00
1.345774479543802329e+02 9.031339918374231956e+01 0.000000000000000000e+00
2.594069636906223764e+02 2.259067258566855116e+02 1.000000000000000000e+00
3.113916239653745492e+02 2.376248962846655388e+02 1.000000000000000000e+00
1.279382859642934420e+02 1.201508355634507694e+02 0.000000000000000000e+00
3.207576722270982827e+01 1.354912190158025282e+02 0.000000000000000000e+00
1.014802288764059881e+02 1.507160963093081421e+02 0.000000000000000000e+00
3.172308453978256466e+02 2.440043363306744197e+02 1.000000000000000000e+00
8.832650549008548069e+01 8.954031152753506717e+01 0.000000000000000000e+00
1.129947846318474376e+02 1.598847192316703740e+02 0.000000000000000000e+00
9.121835886675147265e+01 7.663853517312261943e+01 0.000000000000000000e+00
1.126864250517075448e+02 1.408016245828347053e+02 0.000000000000000000e+00
2.609241845305870129e+02 2.264168030981913660e+02 1.000000000000000000e+00
3.177138445498695773e+02 2.587358829251974726e+02 1.000000000000000000e+00
2.790952233440608552e+02 2.917191037858550544e+02 1.000000000000000000e+00
2.883343205459262322e+02 1.803590876656439264e+02 1.000000000000000000e+00
2.919858607998004913e+02 1.814381553580401487e+02 1.000000000000000000e+00
1.012240729735407143e+02 1.172143368621225790e+02 0.000000000000000000e+00
3.058973760660388734e+02 2.109014049101652404e+02 1.000000000000000000e+00
1.008424808536825452e+02 1.239781782812284661e+02 0.000000000000000000e+00
1.093928610379492739e+02 2.052861364228177479e+02 0.000000000000000000e+00
2.863328760961647959e+02 2.509716365655112043e+02 1.000000000000000000e+00
7.097610486145663344e+01 6.466544178419778177e+01 0.000000000000000000e+00
1.374696985414102812e+02 1.764931082414977368e+02 0.000000000000000000e+00
1.412175306966241806e+02 3.810705547768152712e+01 0.000000000000000000e+00
1.364071563237036742e+02 1.326887286076520809e+02 0.000000000000000000e+00
8.608351402695389254e+01 1.262539587641592078e+02 0.000000000000000000e+00
4.608298309483518551e+01 8.953706446973764344e+01 0.000000000000000000e+00
3.593970239479981501e+02 1.650443992781776501e+02 1.000000000000000000e+00
1.065571428981034643e+02 1.238528542368478753e+02 0.000000000000000000e+00
7.329118854562402419e+01 1.330785038161782836e+02 0.000000000000000000e+00
1.209556409533682313e+02 1.235368834817864609e+02 0.000000000000000000e+00
1.186264975892183884e+02 5.855025254891104680e+01 0.000000000000000000e+00
1.569193398606442429e+02 1.358434633982624007e+02 0.000000000000000000e+00
1.637108301766993463e+02 1.096570947329291528e+02 0.000000000000000000e+00
1.177545293098170305e+02 1.333469730949706786e+02 0.000000000000000000e+00
3.003046999327263507e+02 2.854745874633104563e+02 1.000000000000000000e+00
9.172385295344113842e+01 1.552071564832313015e+02 0.000000000000000000e+00
2.855554746104053265e+02 2.743584936661809479e+02 1.000000000000000000e+00
1.865294379712275941e+02 1.734611179774556717e+02 0.000000000000000000e+00
3.022068541912092883e+02 2.619590982447606962e+02 1.000000000000000000e+00
9.727033578701474426e+01 1.885337088659746598e+02 0.000000000000000000e+00
8.207338549277167772e+01 9.402648289078447874e+01 0.000000000000000000e+00
3.184317731080502085e+02 2.339605536841439744e+02 1.000000000000000000e+00
2.217187667344164481e+01 8.348866023458833752e+01 0.000000000000000000e+00
2.926838007657219691e+02 2.858499370142463931e+02 1.000000000000000000e+00
7.988733197429846200e+01 2.164981471817499425e+02 0.000000000000000000e+00
2.627721799373405531e+01 1.008810398383805307e+02 0.000000000000000000e+00
9.955417552632634681e+01 1.204599559948024989e+02 0.000000000000000000e+00
5.098257924679327857e+01 1.537745190560618767e+02 0.000000000000000000e+00
1.029834562617421341e+02 7.691603722384020614e+01 0.000000000000000000e+00
2.811703000726909067e+02 2.609118555812105456e+02 1.000000000000000000e+00
2.553220178501310613e+02 2.485881304158833700e+02 1.000000000000000000e+00
3.266386858427815127e+02 1.486178215166307837e+02 1.000000000000000000e+00
1.160936656471019575e+02 9.260759636238746850e+01 0.000000000000000000e+00
3.249007656121999048e+02 2.247523223301257076e+02 1.000000000000000000e+00
5.370578963236585679e+01 1.075083099549722618e+02 0.000000000000000000e+00
3.241654696177073447e+02 1.848166558900624636e+02 1.000000000000000000e+00
3.309664243927526286e+02 2.190216412491669757e+02 1.000000000000000000e+00
1.276615500428074625e+02 1.477899657462402274e+02 0.000000000000000000e+00
2.828519173765668597e+02 2.244863777410566286e+02 1.000000000000000000e+00
9.472365440880132326e+01 1.361904724816199064e+02 0.000000000000000000e+00
3.052629587163227711e+02 1.937775981043243974e+02 1.000000000000000000e+00
3.076580348809564498e+02 2.852204479670843966e+02 1.000000000000000000e+00
2.684359127897340045e+02 2.500499382315394712e+02 1.000000000000000000e+00
2.652454981253619053e+02 2.762556300343720750e+02 1.000000000000000000e+00
2.676512987208186587e+02 2.058350405680295125e+02 1.000000000000000000e+00
2.787202476235535187e+02 2.117496631027086949e+02 1.000000000000000000e+00
3.153729362084498007e+02 2.903884741924685500e+02 1.000000000000000000e+00
1.226916111141067773e+02 1.110929959793938195e+02 0.000000000000000000e+00
6.268843833974246849e+01 1.697327753782062132e+02 0.000000000000000000e+00
1.371802044591811409e+02 1.432889836559169794e+02 0.000000000000000000e+00
3.085034818575014697e+02 3.118812598796337738e+02 1.000000000000000000e+00
7.180314589970220140e+01 1.471989937698041047e+02 0.000000000000000000e+00
8.402203882948499825e+01 1.348022355139007402e+02 0.000000000000000000e+00
1.061978970278766496e+02 1.351265007840869430e+02 0.000000000000000000e+00
8.259385793113449381e+01 1.939705491391736700e+02 0.000000000000000000e+00
1.256052610439036812e+02 5.532175822756661887e+01 0.000000000000000000e+00
6.786361343304635341e+01 9.241800888999198094e+01 0.000000000000000000e+00
2.632139723974935350e+02 3.557174288405896618e+02 1.000000000000000000e+00
2.988588452066233572e+02 2.370107893966815880e+02 1.000000000000000000e+00
1.185252131727442872e+02 1.311638305756981424e+02 0.000000000000000000e+00
4.988818559800294850e+01 1.510996142332764123e+02 0.000000000000000000e+00
6.057957049263397664e+01 6.112659970145652721e+01 0.000000000000000000e+00
2.835091298158182553e+02 2.338616326631679385e+02 1.000000000000000000e+00
5.289484150069476698e+01 7.439214796260154117e+01 0.000000000000000000e+00
3.027006742869729692e+02 2.811041655161164954e+02 1.000000000000000000e+00
1.384277359384263946e+02 1.731625138615872856e+02 0.000000000000000000e+00
8.387292212107281841e+01 1.688978028152970978e+02 0.000000000000000000e+00
1.554104618688892288e+02 1.078760698630370882e+02 0.000000000000000000e+00
7.956779449724507458e+01 7.277471263510351207e+01 0.000000000000000000e+00
1.020629977107955568e+02 1.546910651523371030e+02 0.000000000000000000e+00
1.607997944306309250e+02 1.887835722966477761e+02 0.000000000000000000e+00
3.301596586791391701e+02 2.926126196839197746e+02 1.000000000000000000e+00
1.145792499696202213e+02 1.788528782456935460e+02 0.000000000000000000e+00
3.275152556469901697e+02 2.519942906639928992e+02 1.000000000000000000e+00
8.763542220913164726e+01 1.106613335382522934e+02 0.000000000000000000e+00
1.308562379470738222e+02 1.611775531513106898e+02 0.000000000000000000e+00
1.073335679703040455e+02 1.868377213115542759e+02 0.000000000000000000e+00
1.347585394758718280e+02 1.310748762338451172e+02 0.000000000000000000e+00
9.937271553589781092e+01 1.264371267319289132e+02 0.000000000000000000e+00
2.935112620969323416e+02 2.807772071270921401e+02 1.000000000000000000e+00
7.390825600259923078e+01 9.915242750795556503e+01 0.000000000000000000e+00
3.010154241762583638e+02 2.744156705722165270e+02 1.000000000000000000e+00
2.558153360989411738e+02 2.487625497090416502e+02 1.000000000000000000e+00
2.656918950781242188e+02 2.554181865275992322e+02 1.000000000000000000e+00
2.514852873516390162e+02 2.613507821753338476e+02 1.000000000000000000e+00
2.153977593924876999e+02 3.062146175489768325e+02 1.000000000000000000e+00
4.213861201746448160e+01 1.520119179736011006e+02 0.000000000000000000e+00
9.110091959028318342e+01 8.564320368769313063e+01 0.000000000000000000e+00
1.302296115557817018e+02 9.843469452988040302e+01 0.000000000000000000e+00
5.244562968863884578e+01 9.972734582805250625e+01 0.000000000000000000e+00
3.762025456224006916e+02 2.494089112136062170e+02 1.000000000000000000e+00
8.461418307429929087e+01 1.022465562737920948e+02 0.000000000000000000e+00
3.526055066288388957e+02 2.370617011006630435e+02 1.000000000000000000e+00
3.557007379773708635e+02 2.915034266820253492e+02 1.000000000000000000e+00
2.421368843985642343e+02 1.866925743278884511e+02 1.000000000000000000e+00
8.523272648230225457e+01 1.104248328969629398e+02 0.000000000000000000e+00
2.479861267112664223e+02 2.178459838387391869e+02 1.000000000000000000e+00
8.236309470829634449e+01 1.087857801926196402e+02 0.000000000000000000e+00
2.851934334194518783e+02 2.116297842943764635e+02 1.000000000000000000e+00
2.367002208807296597e+02 3.397440757833056182e+02 1.000000000000000000e+00
1.112176682126518443e+02 8.027505556281677457e+01 0.000000000000000000e+00
1.408716234235469074e+02 9.789837306333083689e+01 0.000000000000000000e+00
2.460634764897552031e+02 3.005993331942502209e+02 1.000000000000000000e+00
7.287896873742198522e+01 1.719138316260439581e+02 0.000000000000000000e+00
1.597631629263042328e+02 1.117936694493679681e+02 0.000000000000000000e+00
3.213680468338308742e+02 2.627154038895272379e+02 1.000000000000000000e+00
3.015250953637973907e+02 2.705087009388959700e+02 1.000000000000000000e+00
2.926497707900003320e+02 2.829847287855387208e+02 1.000000000000000000e+00
3.257221818135716944e+02 2.735289971647174525e+02 1.000000000000000000e+00
9.109577276206718466e+01 8.347683127832814876e+01 0.000000000000000000e+00
1.119295269682422429e+02 1.730554358674812079e+02 0.000000000000000000e+00
2.688726591417550935e+02 3.194709982790684535e+02 1.000000000000000000e+00
2.857619402781277245e+02 3.516092648303668966e+02 1.000000000000000000e+00
2.603731627749140216e+02 2.098932565052083703e+02 1.000000000000000000e+00
2.807900386002029904e+02 2.874443020043879073e+02 1.000000000000000000e+00
3.216309434120155970e+02 1.772768947846572019e+02 1.000000000000000000e+00
6.327980920723818059e+01 1.300998650830748886e+02 0.000000000000000000e+00
3.572627102979716369e+02 3.084885668312167581e+02 1.000000000000000000e+00
1.170503492311240450e+02 1.470763214012098103e+02 0.000000000000000000e+00
1.159618538256052034e+02 9.096289742933990397e+00 0.000000000000000000e+00
3.015563482342486168e+02 2.750625700298144238e+02 1.000000000000000000e+00
3.631546077766595317e+02 2.181799779978683489e+02 1.000000000000000000e+00
3.659401604107271737e+02 1.879994324256740867e+02 1.000000000000000000e+00
3.155637587546287932e+02 2.968416425848195104e+02 1.000000000000000000e+00
3.132213097293966371e+02 2.441890217118092323e+02 1.000000000000000000e+00
1.527654750520630387e+02 8.470324725800325893e+01 0.000000000000000000e+00
1.217324756555007923e+02 1.375617183068816871e+02 0.000000000000000000e+00
7.181198896575065760e+01 1.577304289987797858e+02 0.000000000000000000e+00
2.366210574739625940e+02 2.837781722641834676e+02 1.000000000000000000e+00
7.722751786119259521e+01 1.307961741976304495e+02 0.000000000000000000e+00
8.499411533354864901e+01 7.095215232867923305e+01 0.000000000000000000e+00
3.119005741581978555e+02 2.517608910470139278e+02 1.000000000000000000e+00
2.879808485765831279e+02 2.357988507577850328e+02 1.000000000000000000e+00
3.374451659324432740e+02 2.771352039536188272e+02 1.000000000000000000e+00
8.897317861757771595e+01 9.161088136612447386e+01 0.000000000000000000e+00
6.222526036702824825e+01 1.295241259132924938e+02 0.000000000000000000e+00
3.197457635009945420e+02 2.694806130392151999e+02 1.000000000000000000e+00
3.308334784161974653e+02 2.597267286160996491e+02 1.000000000000000000e+00
2.128427391922036236e+02 2.248139829223927393e+02 1.000000000000000000e+00
3.101121402167661927e+02 2.336794116384041331e+02 1.000000000000000000e+00
2.766362581282032238e+02 2.634042248078399666e+02 1.000000000000000000e+00
1.378900787109499220e+02 1.137995962763666284e+02 0.000000000000000000e+00
2.887121649323826205e+02 2.036718725926388629e+02 1.000000000000000000e+00
9.237386025674402390e+01 1.042060194386619827e+02 0.000000000000000000e+00
3.340212273409375143e+02 2.164350323760290564e+02 1.000000000000000000e+00
3.062590502778519408e+02 2.413462408681709519e+02 1.000000000000000000e+00
1.142546558869760815e+02 1.482629267276779217e+02 0.000000000000000000e+00
3.327191042901922060e+02 2.388434289958703971e+02 1.000000000000000000e+00
1.113711868322885863e+02 1.897067512262252649e+02 0.000000000000000000e+00
2.795629527507094849e+02 2.809891327626864950e+02 1.000000000000000000e+00
2.860087127955385427e+02 3.309388779907989715e+02 1.000000000000000000e+00
3.684922088537318814e+02 2.183153991773939993e+02 1.000000000000000000e+00
2.687053213239163938e+02 2.750047462573492112e+02 1.000000000000000000e+00
7.828554095933128565e+01 1.366420018504570066e+02 0.000000000000000000e+00
8.763948123811510982e+01 5.295984774680093210e+01 0.000000000000000000e+00
8.517183987118185939e+01 8.217536817774833935e+01 0.000000000000000000e+00
1.450654368842602935e+02 7.680273966546306497e+01 0.000000000000000000e+00
9.777430823912425240e+00 7.909972625457585593e+01 0.000000000000000000e+00
2.936024084897183002e+02 2.167217002713150009e+02 1.000000000000000000e+00
3.271022813435087073e+02 3.022873538032503120e+02 1.000000000000000000e+00
3.292663570812156877e+02 2.473804649942206879e+02 1.000000000000000000e+00
4.773892593058733524e+01 1.863252271847275097e+02 0.000000000000000000e+00
3.506964661927462430e+02 2.699799293387463877e+02 1.000000000000000000e+00
2.665922923923406529e+02 2.121303835617124207e+02 1.000000000000000000e+00
1.879118880643314924e+02 2.024630231366792259e+02 1.000000000000000000e+00
7.231800608862435809e+01 1.814550821698319112e+02 0.000000000000000000e+00
3.458104869207689944e+02 2.638597776802704402e+02 1.000000000000000000e+00
1.804502672585254857e+02 1.182161829417657231e+02 0.000000000000000000e+00
7.456615686484475702e+01 1.470573317978600016e+02 0.000000000000000000e+00
7.870040323163729568e+01 1.458022109383950919e+02 0.000000000000000000e+00
2.344630549703283009e+02 1.789444553461369765e+02 1.000000000000000000e+00
2.449926208273103612e+02 2.700396892871978594e+02 1.000000000000000000e+00
2.741178589446896012e+02 2.568497418060885025e+02 1.000000000000000000e+00
3.239747749008918731e+02 2.397473242524143018e+02 1.000000000000000000e+00
1.197496710939675353e+02 1.153558424386253449e+02 0.000000000000000000e+00
1.739836498671854770e+02 1.114333337519966278e+02 0.000000000000000000e+00
3.027053692026767635e+02 2.314791298356379627e+02 1.000000000000000000e+00
8.608152576316616944e+01 6.586444567409145634e+01 0.000000000000000000e+00
9.557837371070110066e+01 1.608069084686320025e+02 0.000000000000000000e+00
9.425681953134717617e+01 1.047189820419846598e+02 0.000000000000000000e+00
2.951837344534235967e+02 1.908273608014698652e+02 1.000000000000000000e+00
2.641673695835669378e+02 2.719331252199191908e+02 1.000000000000000000e+00
8.419084069382583380e+01 7.362317934400348918e+01 0.000000000000000000e+00
2.995977411252393949e+02 2.995202774383375868e+02 1.000000000000000000e+00
1.411574197037941758e+02 1.171085196975998031e+02 0.000000000000000000e+00
2.612767152934168848e+02 2.690827236942745913e+02 1.000000000000000000e+00