7.248649555885270956e+01 7.143690387623517779e+01 0.000000000000000000e+00
3.224805242365672484e+02 4.596836078686440601e+02 3.000000000000000000e+00
9.902695502404257866e+01 9.047876363177245196e+01 0.000000000000000000e+00
3.222019176964173539e+02 5.262369764549000593e+02 3.000000000000000000e+00
8.897317861757771595e+01 9.161088136612447386e+01 0.000000000000000000e+00
1.208425950581103336e+02 9.696848120747735322e+01 0.000000000000000000e+00
6.338878543098862792e+02 1.926370727486755641e+02 2.000000000000000000e+00
6.477391390830960063e+02 1.110649612977300649e+02 2.000000000000000000e+00
2.136772574415497274e+02 3.027420407236334654e+02 1.000000000000000000e+00
6.975302679416839737e+02 1.321265498534951632e+02 2.000000000000000000e+00
7.456615686484475702e+01 1.470573317978600016e+02 0.000000000000000000e+00
6.559107923637163822e+02 1.490180230543048481e+02 2.000000000000000000e+00
1.079720078758586084e+02 1.179758583615333691e+02 0.000000000000000000e+00
3.091221330049626772e+02 2.580591978681773071e+02 1.000000000000000000e+00
6.888407357878787707e+02 1.711933513389982977e+02 2.000000000000000000e+00
7.430814989179013992e+02 1.410069375491939354e+02 2.000000000000000000e+00
2.277625494958631407e+02 4.992270883211494379e+02 3.000000000000000000e+00
2.687878237399384034e+02 2.608445118578686106e+02 1.000000000000000000e+00
2.777949461802219844e+02 4.931007073157215359e+02 3.000000000000000000e+00
6.926497707900002752e+02 1.829847287855387208e+02 2.000000000000000000e+00
7.182461214330821804e+02 1.356968387212560856e+02 2.000000000000000000e+00
6.521028921744573381e+02 2.094559701386553741e+02 2.000000000000000000e+00
6.340313210233147174e+02 2.059424836850214149e+02 2.000000000000000000e+00
5.863028632862140910e+01 1.472637807312650864e+02 0.000000000000000000e+00
3.416034498021481340e+02 2.565857523810558973e+02 1.000000000000000000e+00
2.879686449409589386e+02 2.235756562409203241e+02 1.000000000000000000e+00
2.501736746853761133e+02 4.531523865826343922e+02 3.000000000000000000e+00
2.508441921226044258e+02 5.355357643828961045e+02 3.000000000000000000e+00
8.763948123811510982e+01 5.295984774680093210e+01 0.000000000000000000e+00
6.222526036702824825e+01 1.295241259132924938e+02 0.000000000000000000e+00
6.363420849816786813e+02 1.501288886577262360e+02 2.000000000000000000e+00
1.275927265813915312e+02 1.720738491825999290e+02 0.000000000000000000e+00
6.907082397125360558e+02 1.791571946954095722e+02 2.000000000000000000e+00
6.748407716963492931e+02 1.928029004828390782e+02 2.000000000000000000e+00
7.118030313320745108e+02 1.060492617333080148e+02 2.000000000000000000e+00
1.181512765054273615e+02 4.681038355981874588e+01 0.000000000000000000e+00
6.419237788227301280e+02 1.652881115114117563e+02 2.000000000000000000e+00
1.921566679073576722e+02 7.759936709113810593e+01 0.000000000000000000e+00
9.109577276206718466e+01 8.347683127832814876e+01 0.000000000000000000e+00
7.215331841310470509e+02 1.443021832996252272e+02 2.000000000000000000e+00
3.637108301766993463e+02 2.396570947329291528e+02 1.000000000000000000e+00
6.911370240718399600e+02 1.669701047240347975e+02 2.000000000000000000e+00
8.763542220913164726e+01 1.106613335382522934e+02 0.000000000000000000e+00
2.884397915618307024e+02 1.700544209766650852e+02 1.000000000000000000e+00
6.702531130119650697e+02 1.436395099378256361e+02 2.000000000000000000e+00
3.220315445641092538e+02 5.238169262705489473e+02 3.000000000000000000e+00
7.507905900125721246e+02 1.216058327141558379e+02 2.000000000000000000e+00
3.220589418720367689e+02 4.674993581525759510e+02 3.000000000000000000e+00
2.392010216165652992e+02 4.913386851260068511e+02 3.000000000000000000e+00
9.887271086645380080e+01 1.371332748212167019e+02 0.000000000000000000e+00
3.360329105683612170e+02 4.397635459371444995e+02 3.000000000000000000e+00
3.661259933026128692e+02 4.720272823611163631e+02 3.000000000000000000e+00
3.354596615743846542e+02 2.391147297592716825e+02 1.000000000000000000e+00
7.067951183918769402e+02 1.536330370814530113e+02 2.000000000000000000e+00
3.435018526186757981e+02 5.295721813253210257e+02 3.000000000000000000e+00
6.839860473994630183e+02 9.110708286134041600e+01 2.000000000000000000e+00
5.880258866764093995e+01 1.060022654164358045e+02 0.000000000000000000e+00
6.993688313151601506e+02 1.303307956794589018e+02 2.000000000000000000e+00
2.220171284948094694e+02 4.615957773622285458e+02 3.000000000000000000e+00
6.851934334194519352e+02 1.116297842943764635e+02 2.000000000000000000e+00
3.496997565127388725e+02 4.514313087456264384e+02 3.000000000000000000e+00
3.630122751092881686e+02 5.339646084588177928e+02 3.000000000000000000e+00
7.828554095933128565e+01 1.366420018504570066e+02 0.000000000000000000e+00
6.715485697755824503e+02 1.951182649973352170e+02 2.000000000000000000e+00
8.539779133814968759e+01 4.834689807835265185e+01 0.000000000000000000e+00
7.869188832081782436e+01 1.636299893773800136e+02 0.000000000000000000e+00
1.934373488800959251e+01 9.842181466501995146e+01 0.000000000000000000e+00
2.576571240957853206e+02 4.796397664563472176e+02 3.000000000000000000e+00
8.541225822433258941e+01 1.262681542108945649e+02 0.000000000000000000e+00
7.004074207484829913e+02 2.379318535468196956e+02 2.000000000000000000e+00
7.177912544962899801e+02 1.908956928976827783e+02 2.000000000000000000e+00
3.763737050222843550e+02 5.665549249775092449e+02 3.000000000000000000e+00
5.410125390355590014e+01 1.024871982102226298e+02 0.000000000000000000e+00
1.141903077245287221e+02 1.446754621757311554e+02 0.000000000000000000e+00
3.061315387652969662e+02 5.277651483255154972e+02 3.000000000000000000e+00
6.452056199218823167e+02 1.811784212503624474e+02 2.000000000000000000e+00
2.842620351525734463e+02 5.001087015956272239e+02 3.000000000000000000e+00
3.008885065806593389e+02 5.217381375833090260e+02 3.000000000000000000e+00
6.832367202876871488e+02 1.658842494579911602e+02 2.000000000000000000e+00
1.289240197495119276e+02 1.209844850099164688e+02 0.000000000000000000e+00
7.395296229497079139e+02 1.294438819888033834e+02 2.000000000000000000e+00
3.115648202111524938e+02 2.665148328178469797e+02 1.000000000000000000e+00
3.189115862408772273e+02 4.789163355910383189e+02 3.000000000000000000e+00
3.169032148909153079e+02 2.718992228841865995e+02 1.000000000000000000e+00
6.439897516748823136e+02 1.569872037159267393e+02 2.000000000000000000e+00
7.183833961933622732e+02 1.612023144015072091e+02 2.000000000000000000e+00
7.594712989634252835e+02 1.517111887953426788e+02 2.000000000000000000e+00
7.988733197429846200e+01 2.164981471817499425e+02 0.000000000000000000e+00
2.352126173850919599e+02 5.229050806882033839e+02 3.000000000000000000e+00
2.686600294405409386e+02 5.043007612666172008e+02 3.000000000000000000e+00
3.327535749039739130e+02 5.056198362975790133e+02 3.000000000000000000e+00
2.480525311134763911e+02 3.010430138402475109e+02 1.000000000000000000e+00
2.357424124220066801e+02 1.950778585583228733e+02 1.000000000000000000e+00
3.060870790235306345e+02 4.850349471894277826e+02 3.000000000000000000e+00
3.123332498383738312e+02 1.948766613174369127e+02 1.000000000000000000e+00
3.351755976765347782e+02 2.754169810621598344e+02 1.000000000000000000e+00
1.966881346812022002e+02 2.038419854539196194e+02 1.000000000000000000e+00
2.937590443601085326e+02 2.919637275168004180e+02 1.000000000000000000e+00
3.259931853871991621e+02 5.173915522184415750e+02 3.000000000000000000e+00
1.693088474767653224e+02 1.473800442743676058e+02 0.000000000000000000e+00
2.709453667125559377e+02 4.931016561327417094e+02 3.000000000000000000e+00
2.630435193675999130e+02 3.064860679319452288e+02 1.000000000000000000e+00
3.742098483768191954e+02 5.566262490469872546e+02 3.000000000000000000e+00
2.700123862118841203e+02 2.513123499045484834e+02 1.000000000000000000e+00
2.807900386002029904e+02 2.874443020043879073e+02 1.000000000000000000e+00
4.608298309483518551e+01 8.953706446973764344e+01 0.000000000000000000e+00
2.934698020466728394e+02 2.465417886915581107e+02 1.000000000000000000e+00
1.907901849595043018e+02 6.182537301604941149e+01 0.000000000000000000e+00
1.018303406920578453e+02 1.125126459989666614e+02 0.000000000000000000e+00
6.151529422039025121e+02 7.644613584966006670e+01 2.000000000000000000e+00
7.650659824920633127e+02 1.415424683661777294e+02 2.000000000000000000e+00
3.052421779686984564e+02 4.648361595093495566e+02 3.000000000000000000e+00
6.746542963183188135e+01 6.134302688789944114e+01 0.000000000000000000e+00
1.180995637055858509e+02 1.239158458165050831e+02 0.000000000000000000e+00
2.863775986024855342e+02 4.478711966928634070e+02 3.000000000000000000e+00
2.795629527507094849e+02 2.809891327626864950e+02 1.000000000000000000e+00
1.998880156634803029e+02 3.018713406514392261e+01 0.000000000000000000e+00
3.155600856261391414e+02 4.864218271414088122e+02 3.000000000000000000e+00
2.542407720160503857e+02 4.712170457632819875e+02 3.000000000000000000e+00
3.222385071883919068e+02 2.856989554932612236e+02 1.000000000000000000e+00
3.039466981526318250e+02 2.578872422078947011e+02 1.000000000000000000e+00
2.926563694611778601e+02 5.130079485874825878e+02 3.000000000000000000e+00
3.088985265603442940e+02 2.464649790720337990e+02 1.000000000000000000e+00
6.955763798876716919e+02 1.327027208568622143e+02 2.000000000000000000e+00
2.407501615121080647e+02 1.990976745987073286e+02 1.000000000000000000e+00
1.747023196059986958e+02 8.090888480494356827e+01 0.000000000000000000e+00
2.493462929214818473e+02 4.975402094286045553e+02 3.000000000000000000e+00
3.100399246403329698e+02 2.921903170072113198e+02 1.000000000000000000e+00
3.122128302004999227e+02 5.409665973109227934e+02 3.000000000000000000e+00
7.033044412862479930e+02 1.171386193192188898e+02 2.000000000000000000e+00
3.058973760660388734e+02 2.109014049101652404e+02 1.000000000000000000e+00
2.804207032497987484e+02 5.305416586594368482e+02 3.000000000000000000e+00
6.496085062637891951e+02 1.511448201675113125e+02 2.000000000000000000e+00
8.584024354986064509e+01 6.500194826327924602e+01 0.000000000000000000e+00
7.098659582100978014e+02 1.743197003762558950e+02 2.000000000000000000e+00
3.554104618688892288e+02 2.378760698630370882e+02 1.000000000000000000e+00
3.528317754451165911e+02 4.483199499581148757e+02 3.000000000000000000e+00
3.039351162726190410e+02 2.652566501683668321e+02 1.000000000000000000e+00
1.046059149256036847e+02 1.048340974848030953e+02 0.000000000000000000e+00
9.906307579914191308e+01 1.631677891244995635e+02 0.000000000000000000e+00
3.217044313399518387e+02 2.786375557374796585e+02 1.000000000000000000e+00
7.978566730942360152e+01 8.736833832024115054e+01 0.000000000000000000e+00
3.052764702314964893e+02 1.707773763572424173e+02 1.000000000000000000e+00
2.842973096813939264e+02 4.563112823463750374e+02 3.000000000000000000e+00
1.148330000512440847e+02 1.256824722074894254e+02 0.000000000000000000e+00
2.680918896023833327e+02 5.187748890135500233e+02 3.000000000000000000e+00
2.742818978658843889e+02 2.560046090802451886e+02 1.000000000000000000e+00
6.664348238863115057e+02 1.896048553551677571e+02 2.000000000000000000e+00
6.650134991204462267e+02 1.226239377543829505e+02 2.000000000000000000e+00
8.756455313206113544e+01 1.238960066507513318e+02 0.000000000000000000e+00
8.259385793113449381e+01 1.939705491391736700e+02 0.000000000000000000e+00
7.186516017420075286e+02 2.185932643470417247e+02 2.000000000000000000e+00
3.631546077766595317e+02 2.181799779978683489e+02 1.000000000000000000e+00
7.219942746918555940e+02 1.500359970668442884e+02 2.000000000000000000e+00
5.283368277449248751e+01 1.720571228665904187e+02 0.000000000000000000e+00
7.100908312244849867e+02 2.414240472611226664e+02 2.000000000000000000e+00
4.220239203706513109e+01 7.157828023506593240e+01 0.000000000000000000e+00
6.943020852484463603e+02 9.764945943045567844e+01 2.000000000000000000e+00
2.977858980791044132e+02 2.394425060562924727e+02 1.000000000000000000e+00
6.761233155286722649e+02 1.410816326811848285e+02 2.000000000000000000e+00
1.113711868322885863e+02 1.897067512262252649e+02 0.000000000000000000e+00
2.940493539106528260e+02 2.538401681987907921e+02 1.000000000000000000e+00
8.615002209410759804e+01 8.821454715714004635e+01 0.000000000000000000e+00
9.479572183225184290e+01 1.237581291754227522e+02 0.000000000000000000e+00
7.393454478315671849e+02 1.465754018307801232e+02 2.000000000000000000e+00
7.674316921063721111e+02 8.407815174535281244e+01 2.000000000000000000e+00
2.972821951843800434e+02 5.944091434261365521e+02 3.000000000000000000e+00
7.597369769368846448e+01 1.820897272019424236e+02 0.000000000000000000e+00
2.833907441671337324e+02 4.730534331476343937e+02 3.000000000000000000e+00
2.849286356356985834e+02 4.636387069499163545e+02 3.000000000000000000e+00
1.962644574103316017e+02 5.038900350791114420e+02 3.000000000000000000e+00
2.970752141620720863e+02 1.981048137617304121e+02 1.000000000000000000e+00
3.022068541912092883e+02 2.619590982447606962e+02 1.000000000000000000e+00
2.909551012094417501e+02 5.770322294983810707e+02 3.000000000000000000e+00
3.018053606172804280e+02 3.435849922408023076e+02 1.000000000000000000e+00
1.109806543089575825e+02 8.436339668017888016e+01 0.000000000000000000e+00
5.307506379543360708e+01 1.977448474259716988e+02 0.000000000000000000e+00
7.556213586829575206e+02 8.434605564707882763e+01 2.000000000000000000e+00
7.040232483491585072e+02 1.715664509645678777e+02 2.000000000000000000e+00
2.963493192109529559e+02 4.839371729794833641e+02 3.000000000000000000e+00
1.597793817796547557e+02 3.720059899945869120e+01 0.000000000000000000e+00
6.257006691362184938e+02 1.653039254689385302e+02 2.000000000000000000e+00
3.439321416293004745e+02 2.444864328561562559e+02 1.000000000000000000e+00
9.606189902298271477e+01 9.346086854551570866e+01 0.000000000000000000e+00
7.090938380057392578e+02 2.145699818912090961e+02 2.000000000000000000e+00
2.948564979873455627e+02 5.182167996374723771e+02 3.000000000000000000e+00
2.522696866610384347e+02 5.140106367824812423e+02 3.000000000000000000e+00
5.375270272712349140e+01 1.512479240683997261e+02 0.000000000000000000e+00
7.228315411752629416e+02 2.117118535317220562e+02 2.000000000000000000e+00
3.064623706895267219e+02 3.125361898011572066e+02 1.000000000000000000e+00
7.969929593370571297e+01 7.792479589793303774e+01 0.000000000000000000e+00
3.095946842358111439e+02 2.563583469650257030e+02 1.000000000000000000e+00
7.582323180734737207e+02 1.522196890177521027e+02 2.000000000000000000e+00
3.518459947011153304e+02 2.746583725050462021e+02 1.000000000000000000e+00
7.233347202728519960e+02 1.870641907323442297e+02 2.000000000000000000e+00
1.328128718904568757e+02 1.743979416671793672e+02 0.000000000000000000e+00
3.121024400915367778e+02 5.436935550412318889e+02 3.000000000000000000e+00
7.283543830146855953e+02 1.669127429870664514e+02 2.000000000000000000e+00
3.350690709476181155e+02 1.769235448678192881e+02 1.000000000000000000e+00
3.805624061967387206e+02 2.377293689589198209e+02 1.000000000000000000e+00
2.929145046673870638e+02 4.643708326775401929e+02 3.000000000000000000e+00
7.231800608862435809e+01 1.814550821698319112e+02 0.000000000000000000e+00
2.641673695835669378e+02 2.719331252199191908e+02 1.000000000000000000e+00
1.450654368842602935e+02 7.680273966546306497e+01 0.000000000000000000e+00
1.343169569716934575e+02 1.656440746663029415e+02 0.000000000000000000e+00
2.696201803828374182e+02 4.899697329295940449e+02 3.000000000000000000e+00
6.891517064043933942e+02 9.731300844776822601e+01 2.000000000000000000e+00
8.461418307429929087e+01 1.022465562737920948e+02 0.000000000000000000e+00
7.153729362084498007e+02 1.903884741924685784e+02 2.000000000000000000e+00
2.839506116035527157e+02 2.179967009566159390e+02 1.000000000000000000e+00
2.764474720186462378e+02 4.933538745756819139e+02 3.000000000000000000e+00
3.083939791169221962e+02 2.003750160177509088e+02 1.000000000000000000e+00
3.242844668766418295e+02 2.080731837269810853e+02 1.000000000000000000e+00
7.186551829752791036e+02 1.462242997435525922e+02 2.000000000000000000e+00
6.804109991050788722e+02 1.388281332288651129e+02 2.000000000000000000e+00
3.406266112616840473e+02 2.780416536466038906e+02 1.000000000000000000e+00
2.585188262460522992e+02 4.554837642051353441e+02 3.000000000000000000e+00
1.358104109155972026e+02 1.749985626557195815e+02 0.000000000000000000e+00
1.595300877518239986e+02 1.958355670412233280e+02 0.000000000000000000e+00
2.932714310893170477e+02 2.651164040695389872e+02 1.000000000000000000e+00
2.790968583387221429e+02 4.877147311936526535e+02 3.000000000000000000e+00
3.327144732473998374e+02 2.595280076808815579e+02 1.000000000000000000e+00
3.090232665427521397e+02 3.055658126271171113e+02 1.000000000000000000e+00
2.314433844179884261e+02 5.162032109273793594e+02 3.000000000000000000e+00
6.866483615858574012e+02 1.491948358448985061e+02 2.000000000000000000e+00
3.684922088537318814e+02 2.183153991773939993e+02 1.000000000000000000e+00
3.517058408404987517e+02 5.605952917557202682e+02 3.000000000000000000e+00
6.690281967805278782e+02 1.392244088619503941e+02 2.000000000000000000e+00
2.982160242909770886e+02 5.104053161975506896e+02 3.000000000000000000e+00
2.367002208807296597e+02 3.397440757833056182e+02 1.000000000000000000e+00
3.192169798447114886e+02 2.112725574437158116e+02 1.000000000000000000e+00
1.089537425325164293e+02 1.331849192851095154e+02 0.000000000000000000e+00
3.374451659324432740e+02 2.771352039536188272e+02 1.000000000000000000e+00
2.324707988891427135e+02 2.455013606976178835e+02 1.000000000000000000e+00
2.685412633971509990e+02 4.529410738255567139e+02 3.000000000000000000e+00
7.689478510266905005e+02 1.785206491884375168e+02 2.000000000000000000e+00
5.818986535412180672e+01 1.684458115873080430e+02 0.000000000000000000e+00
2.470906752191281726e+02 4.820686880336481863e+02 3.000000000000000000e+00
3.279460093723101863e+02 5.208650090896136362e+02 3.000000000000000000e+00
2.442063922866142605e+02 5.318219820707762437e+02 3.000000000000000000e+00
6.594930750492563902e+02 1.089081249169815067e+02 2.000000000000000000e+00
7.263956409051132823e+01 1.863820318475948739e+02 0.000000000000000000e+00
3.471275745792639214e+02 4.511953137227378647e+02 3.000000000000000000e+00
3.008424808536825594e+02 2.539781782812284803e+02 1.000000000000000000e+00
3.034337242136980990e+02 4.802429317165631915e+02 3.000000000000000000e+00
2.687406136415256128e+02 5.239143951148107590e+02 3.000000000000000000e+00
6.800715352565556486e+02 1.327434263558126020e+02 2.000000000000000000e+00
3.161050212452013852e+02 1.789644800015268515e+02 1.000000000000000000e+00
1.336652505629454595e+02 1.100216567935620446e+02 0.000000000000000000e+00
2.783456164627511953e+02 5.036608778711550940e+02 3.000000000000000000e+00
7.136970940514730728e+02 1.410629555122121701e+02 2.000000000000000000e+00
2.818367854993757646e+02 2.534380789373753942e+02 1.000000000000000000e+00
8.207338549277167772e+01 9.402648289078447874e+01 0.000000000000000000e+00
5.927832498850541043e+01 1.168858097623659660e+02 0.000000000000000000e+00
2.594069636906223764e+02 2.259067258566855116e+02 1.000000000000000000e+00
3.216309434120155970e+02 1.772768947846572019e+02 1.000000000000000000e+00
2.860087127955385427e+02 3.309388779907989715e+02 1.000000000000000000e+00
1.411574197037941758e+02 1.171085196975998031e+02 0.000000000000000000e+00
7.320820695496206554e+02 7.613872073341308067e+01 2.000000000000000000e+00
7.163820711295076080e+02 1.180162600131803998e+02 2.000000000000000000e+00
3.234340322327174135e+02 5.454555231015896197e+02 3.000000000000000000e+00
3.089162327849709300e+02 4.137057450602215454e+02 3.000000000000000000e+00
3.352452438839852675e+02 2.913195677807977972e+02 1.000000000000000000e+00
3.076580348809564498e+02 2.852204479670843966e+02 1.000000000000000000e+00
7.095472628372733652e+02 1.453511024184899156e+02 2.000000000000000000e+00
3.637309446380010627e+02 5.227488959648188711e+02 3.000000000000000000e+00
2.641036198547465119e+02 5.534494036325048683e+02 3.000000000000000000e+00
6.323546220520225347e+01 1.277101539626086435e+02 0.000000000000000000e+00
7.396363669473937534e+02 1.425316355276088416e+02 2.000000000000000000e+00
7.373671899399889753e+02 9.433978922383121812e+01 2.000000000000000000e+00
6.854624887953578991e+02 1.811620488053196709e+02 2.000000000000000000e+00
8.145616101415623689e+01 1.392592589509384879e+02 0.000000000000000000e+00
2.366210574739625940e+02 2.837781722641834676e+02 1.000000000000000000e+00
1.079186915977986985e+02 1.632774087390906175e+02 0.000000000000000000e+00
1.877262128874022551e+01 2.025797144543727768e+02 0.000000000000000000e+00
3.376367045830045299e+02 2.662081632129155082e+02 1.000000000000000000e+00
3.281857088299956331e+02 5.062236293987559179e+02 3.000000000000000000e+00
7.041931121130885458e+02 1.102697113024979103e+02 2.000000000000000000e+00
3.602720291579777268e+02 4.842769441682622755e+02 3.000000000000000000e+00
3.405895077931910464e+02 5.576121456407049664e+02 3.000000000000000000e+00
3.269054687427237695e+02 5.103932998001390615e+02 3.000000000000000000e+00
1.769176810592153970e+02 1.792205916573769855e+02 0.000000000000000000e+00
3.096398692818048630e+02 4.611072832789392919e+02 3.000000000000000000e+00
7.238120123076917025e+02 1.965660706489986467e+02 2.000000000000000000e+00
3.097582649563193513e+02 5.628121564764493314e+02 3.000000000000000000e+00
6.513569367701655892e+02 1.556268761323184435e+02 2.000000000000000000e+00
2.834478404380133725e+02 4.561230011306754477e+02 3.000000000000000000e+00
7.995376645732451379e+02 2.178387813205667669e+02 2.000000000000000000e+00
5.128245953627396148e+01 1.078014544858231858e+02 0.000000000000000000e+00
7.390365670451919300e+01 1.043618649924959527e+02 0.000000000000000000e+00
1.782364923300277724e+02 1.356037329075170703e+02 0.000000000000000000e+00
3.875447471529134873e+02 4.912090805714655062e+02 3.000000000000000000e+00
1.199476109963930952e+02 1.619188862387221093e+02 0.000000000000000000e+00
2.267988579828875970e+02 2.221665952260181029e+02 1.000000000000000000e+00
3.162566197470482621e+02 2.422729319380063941e+02 1.000000000000000000e+00
2.869375608928316979e+02 2.496716047092154440e+02 1.000000000000000000e+00
6.805163427315270610e+02 1.859586957835223870e+02 2.000000000000000000e+00
7.782761493714795620e+01 1.011744936738083425e+02 0.000000000000000000e+00
1.472551440515314312e+02 9.472384967979330384e+01 0.000000000000000000e+00
9.456201197286716820e+01 1.654756545041078084e+02 0.000000000000000000e+00
3.125053585205594118e+02 4.922614446883860637e+02 3.000000000000000000e+00
5.968379701924210394e+02 1.124996245556508256e+02 2.000000000000000000e+00
1.903723580276340783e+02 1.183097139335742867e+02 0.000000000000000000e+00
6.788531736425804866e+02 1.456798465287616864e+02 2.000000000000000000e+00
9.656276932113549094e+01 1.277717175218308654e+02 0.000000000000000000e+00
7.027439690992264332e+02 1.391089559541967731e+02 2.000000000000000000e+00
3.386707204466583789e+02 2.703227163756591267e+02 1.000000000000000000e+00
6.864527125821840627e+02 2.313905017608461492e+02 2.000000000000000000e+00
6.334330805933529973e+02 1.449372267344243994e+02 2.000000000000000000e+00
2.637013607431881042e+02 4.923038316881637115e+02 3.000000000000000000e+00
7.593970239479981501e+02 6.504439927817763589e+01 2.000000000000000000e+00
3.308334784161974653e+02 2.597267286160996491e+02 1.000000000000000000e+00
2.749901630977130367e+02 4.705403531397700476e+02 3.000000000000000000e+00
3.369518624125578867e+02 2.446972794138512768e+02 1.000000000000000000e+00
3.280272043637476713e+02 5.278660261734505639e+02 3.000000000000000000e+00
6.751566920919449331e+02 2.193828869969483435e+02 2.000000000000000000e+00
3.114405010791247150e+02 2.891426918978417007e+02 1.000000000000000000e+00
2.444087592441517245e+02 4.218528574952237591e+02 3.000000000000000000e+00
9.593210901780513211e+01 1.207711753805230899e+02 0.000000000000000000e+00
3.310973573517513842e+02 5.006058714251536230e+02 3.000000000000000000e+00
2.680034550743733917e+02 2.411969688071857831e+02 1.000000000000000000e+00
6.260347709089819546e+02 2.063980855358458371e+02 2.000000000000000000e+00
6.692460336130076257e+02 1.032361701071189088e+02 2.000000000000000000e+00
2.621004562037248320e+02 2.597777382384653038e+02 1.000000000000000000e+00
2.835091298158182553e+02 2.338616326631679385e+02 1.000000000000000000e+00
2.204292213535486553e+02 4.383776811251722734e+02 3.000000000000000000e+00
1.230636326645976339e+02 1.116680497768802098e+02 0.000000000000000000e+00
3.412175306966241806e+02 1.681070554776815129e+02 1.000000000000000000e+00
5.912128254270953676e+02 1.061359301162912345e+02 2.000000000000000000e+00
3.494152956803790744e+02 4.902478481144351008e+02 3.000000000000000000e+00
2.471789861268787263e+02 5.199633710268706182e+02 3.000000000000000000e+00
3.098706409591987949e+02 3.110383024353923247e+02 1.000000000000000000e+00
2.749622754012617065e+02 5.188931154474295226e+02 3.000000000000000000e+00
7.161558408334389014e+02 2.274684984961020859e+02 2.000000000000000000e+00
7.029071159641515578e+02 1.417666389912504883e+02 2.000000000000000000e+00
6.626673503909231613e+02 1.486209981564640827e+02 2.000000000000000000e+00
1.531113078383193056e+02 1.159487405513040272e+02 0.000000000000000000e+00
2.690891246808719188e+02 2.852822639745204469e+02 1.000000000000000000e+00
2.988588452066233572e+02 2.370107893966815880e+02 1.000000000000000000e+00
3.523467500940871560e+02 2.489680576698205243e+02 1.000000000000000000e+00
2.447435339727086898e+02 4.754944575852576349e+02 3.000000000000000000e+00
7.148469021059615898e+02 1.104070980181152208e+02 2.000000000000000000e+00
6.942924915170614213e+02 1.008945431835836786e+02 2.000000000000000000e+00
1.004200008288328121e+02 1.914348197562334235e+02 0.000000000000000000e+00
6.871496425176795810e+02 1.304573511698149559e+02 2.000000000000000000e+00
3.408884141834329853e+02 4.833028217463204896e+02 3.000000000000000000e+00
6.863328760961647959e+02 1.509716365655112043e+02 2.000000000000000000e+00
7.612372940411529498e+02 1.536979094187923351e+02 2.000000000000000000e+00
2.723592074729852470e+02 4.117797857992071044e+02 3.000000000000000000e+00
3.063676706667524741e+02 4.604761324812555472e+02 3.000000000000000000e+00
1.135561650086377767e+02 2.008417424593918952e+02 0.000000000000000000e+00
2.430882036549462839e+02 3.268929902177759459e+02 1.000000000000000000e+00
2.899337456421441743e+02 4.765238941927999576e+02 3.000000000000000000e+00
1.514393602832117267e+02 5.972006407142912110e+01 0.000000000000000000e+00
1.605331233029282032e+02 1.421252825683033620e+02 0.000000000000000000e+00
3.238762592499181778e+02 2.105085322616939152e+02 1.000000000000000000e+00
2.658965661131741172e+02 2.509183902243180455e+02 1.000000000000000000e+00
3.205166738731110740e+02 1.483504476924710218e+02 1.000000000000000000e+00
7.765691878825125514e+02 8.336175692809126758e+01 2.000000000000000000e+00
6.892796086640755675e+02 1.301356716108193154e+02 2.000000000000000000e+00
2.979957016483882626e+02 5.172653541124489038e+02 3.000000000000000000e+00
9.558042379736288296e+01 5.357200752522946630e+01 0.000000000000000000e+00
3.154466550839347860e+02 5.040346825302924572e+02 3.000000000000000000e+00
1.371802044591811409e+02 1.432889836559169794e+02 0.000000000000000000e+00
7.060327282533037305e+02 1.397811685524892198e+02 2.000000000000000000e+00
9.582626034021230055e+01 8.047992230025062099e+01 0.000000000000000000e+00
2.887820887413018340e+02 4.527885757459523575e+02 3.000000000000000000e+00
7.016028582619110239e+02 1.368898033081433425e+02 2.000000000000000000e+00
6.691686279717373509e+02 1.307661863650908458e+02 2.000000000000000000e+00
7.177138445498695773e+02 1.587358829251974726e+02 2.000000000000000000e+00
2.074490754731119750e+02 4.662971319314796688e+02 3.000000000000000000e+00
7.450251897791083877e+01 1.041091274268480902e+02 0.000000000000000000e+00
7.330148892835005654e+02 1.380670732401666498e+02 2.000000000000000000e+00
2.745827824552293350e+02 5.341131907309746794e+02 3.000000000000000000e+00
6.967675354822503095e+02 1.218456385603821275e+02 2.000000000000000000e+00
6.761331657784676281e+02 1.726823285008073015e+02 2.000000000000000000e+00
3.366888616846342188e+02 2.477182852935124799e+02 1.000000000000000000e+00
6.454096707967026987e+02 1.491252036484368091e+02 2.000000000000000000e+00
1.597631629263042328e+02 1.117936694493679681e+02 0.000000000000000000e+00
7.018454023582273749e+02 1.116650207909375467e+02 2.000000000000000000e+00
1.347585394758718280e+02 1.310748762338451172e+02 0.000000000000000000e+00
2.680231040182761149e+02 2.596315003896775124e+02 1.000000000000000000e+00
3.188173257938592542e+02 2.624578828621662296e+02 1.000000000000000000e+00
3.205024892570448856e+02 4.856353361973646088e+02 3.000000000000000000e+00
3.095658232261515082e+02 3.059158504434694237e+02 1.000000000000000000e+00
2.325847158051508927e+02 5.121204420182463082e+02 3.000000000000000000e+00
2.841550720899419957e+02 5.901713479521985164e+02 3.000000000000000000e+00
7.599086010927825328e+02 1.726106881014580381e+02 2.000000000000000000e+00
2.514590558898207746e+02 4.518844670193598745e+02 3.000000000000000000e+00
7.400532406938691565e+02 1.738885001761370006e+02 2.000000000000000000e+00
4.322629739644224856e+02 4.395920142408743345e+02 3.000000000000000000e+00
3.647221707600090213e+02 2.170236351468866189e+02 1.000000000000000000e+00
6.264729304131994922e+02 1.761214913362571508e+02 2.000000000000000000e+00
1.695549070981804221e+02 1.597757756526199557e+02 0.000000000000000000e+00
3.357083261149480222e+02 4.810558377214536563e+02 3.000000000000000000e+00
3.667700322550787178e+02 2.620795684143021163e+02 1.000000000000000000e+00
3.433068912836425852e+02 4.940164199333202077e+02 3.000000000000000000e+00
6.268843833974246849e+01 1.697327753782062132e+02 0.000000000000000000e+00
2.534220618451814175e+02 4.488594463791725389e+02 3.000000000000000000e+00
2.977012192613842103e+02 2.343513179130393382e+02 1.000000000000000000e+00
6.710428518376559168e+02 1.052148706527818263e+02 2.000000000000000000e+00
2.421368843985642343e+02 1.866925743278884511e+02 1.000000000000000000e+00
3.470306791728066287e+01 1.173146338154191284e+02 0.000000000000000000e+00
6.543239432318461013e+02 9.756118518235150816e+01 2.000000000000000000e+00
1.659253972883023778e+02 1.265691102194933535e+02 0.000000000000000000e+00
7.178884834981932954e+02 1.253551550670608350e+02 2.000000000000000000e+00
3.039681945012600863e+02 3.130519589051086768e+02 1.000000000000000000e+00
2.831074070349891940e+02 2.541885611773313656e+02 1.000000000000000000e+00
7.526055066288388389e+02 1.370617011006630435e+02 2.000000000000000000e+00
9.465193761326243305e+01 1.631097522390505219e+02 0.000000000000000000e+00
2.695154195231000926e+02 2.144887945345626008e+02 1.000000000000000000e+00
1.256052610439036812e+02 5.532175822756661887e+01 0.000000000000000000e+00
7.034470736952048355e+02 2.376359205295935908e+02 2.000000000000000000e+00
2.820493194757800097e+02 1.802324897378417745e+02 1.000000000000000000e+00
6.801681802181916510e+02 1.986631085497176059e+02 2.000000000000000000e+00
1.846716408593470078e+02 5.556486386200265315e+01 0.000000000000000000e+00
2.582073472248057442e+02 5.315961976714197590e+02 3.000000000000000000e+00
2.632139723974935350e+02 3.557174288405896618e+02 1.000000000000000000e+00
2.970132808699540305e+02 2.603486576091898428e+02 1.000000000000000000e+00
3.243262571040256717e+02 2.945984929178960670e+02 1.000000000000000000e+00
7.868465979727266131e+02 1.764829715599882434e+02 2.000000000000000000e+00
3.641730527766256387e+02 5.083227811851985507e+02 3.000000000000000000e+00
2.890986900604896164e+02 5.295008605365552512e+02 3.000000000000000000e+00
3.836811942221500971e+01 1.225304797680132651e+02 0.000000000000000000e+00
6.332888042846304870e+02 1.735215099495925131e+02 2.000000000000000000e+00
6.595017138902477427e+02 2.000227933017374085e+02 2.000000000000000000e+00
2.640045409302606458e+02 5.192832243468880051e+02 3.000000000000000000e+00
3.471131801882264085e+02 4.077933257982591613e+02 3.000000000000000000e+00
3.062827785143123265e+02 4.607816301775137617e+02 3.000000000000000000e+00
3.147017958408907816e+02 2.576124623037575816e+02 1.000000000000000000e+00
5.753257363360349927e+02 1.757780813364416872e+02 2.000000000000000000e+00
6.950540149643187533e+02 1.701987992585136169e+02 2.000000000000000000e+00
3.000588400098164357e+02 2.193318058185240034e+02 1.000000000000000000e+00
7.167120233282432764e+02 1.003913465436891954e+02 2.000000000000000000e+00
9.121835886675147265e+01 7.663853517312261943e+01 0.000000000000000000e+00
5.781486144059944365e+01 1.528099134929872491e+02 0.000000000000000000e+00
3.041962866034205035e+02 2.553565169046190420e+02 1.000000000000000000e+00
3.255209613398182000e+02 5.136009839303860645e+02 3.000000000000000000e+00
3.328830542718854986e+02 4.914713905251271626e+02 3.000000000000000000e+00
2.611038844259001053e+02 3.038488429288919974e+02 1.000000000000000000e+00
1.309077934840952651e+02 5.353606835541745568e+01 0.000000000000000000e+00
3.980491887630030305e+02 2.415517606547392120e+02 1.000000000000000000e+00
2.863723062448827932e+02 1.994730835165938174e+02 1.000000000000000000e+00
7.459340232276450706e+02 1.135659848944538908e+02 2.000000000000000000e+00
7.162852132433299630e+02 1.248576967902164085e+02 2.000000000000000000e+00
3.158390484455844671e+02 5.724602281928098364e+02 3.000000000000000000e+00
2.982382041049623354e+02 5.783824802082307315e+02 3.000000000000000000e+00
1.705620938387065735e+02 1.360062883346889180e+02 0.000000000000000000e+00
2.495403301283753876e+02 5.205601671926425524e+02 3.000000000000000000e+00
6.695055385308955920e+02 9.212238660976765914e+01 2.000000000000000000e+00
1.073335679703040455e+02 1.868377213115542759e+02 0.000000000000000000e+00
2.421431574406668688e+02 2.319059889772363476e+02 1.000000000000000000e+00
7.784490795746006597e+02 1.471104496531332870e+02 2.000000000000000000e+00
3.119005741581978555e+02 2.517608910470139278e+02 1.000000000000000000e+00
4.828572361106205335e+01 1.306820347739673025e+02 0.000000000000000000e+00
7.056722655661382078e+02 2.233374144726271311e+02 2.000000000000000000e+00
2.836058184624072283e+02 4.818665027144593296e+02 3.000000000000000000e+00
3.456659178190440684e+02 5.509662011006073499e+02 3.000000000000000000e+00
2.779680229717263842e+02 5.316816599369190044e+02 3.000000000000000000e+00
7.079131267139947568e+02 1.539100320968874200e+02 2.000000000000000000e+00
3.013235900455504179e+02 2.158335495674258198e+02 1.000000000000000000e+00
7.008742943287948037e+02 1.517015629611916268e+02 2.000000000000000000e+00
9.856927712559115662e+01 2.152298140487900184e+02 0.000000000000000000e+00
3.089700888386272482e+02 1.828524654868537311e+02 1.000000000000000000e+00
3.081152417777048527e+02 5.498678056357774722e+02 3.000000000000000000e+00
1.087803822317218163e+02 1.357225173592036640e+02 0.000000000000000000e+00
6.051122451394793416e+02 9.473019962020059381e+01 2.000000000000000000e+00
1.413763954592607206e+02 8.015149438515734914e+01 0.000000000000000000e+00
7.163229859738466985e+02 8.479989395905165850e+01 2.000000000000000000e+00
7.015563482342486168e+02 1.750625700298144238e+02 2.000000000000000000e+00
6.516811403272473058e+01 9.684601340942337799e+01 0.000000000000000000e+00
3.404736973197675525e+02 2.236819582095532439e+02 1.000000000000000000e+00
2.599867860418518148e+02 3.169594282804283694e+02 1.000000000000000000e+00
2.947910733413309572e+02 4.924232828475283554e+02 3.000000000000000000e+00
1.056781265328311861e+02 1.072268633141961942e+02 0.000000000000000000e+00
2.853779564005585030e+02 2.875237016362258373e+02 1.000000000000000000e+00
3.326613951909508273e+02 5.000954079166094175e+02 3.000000000000000000e+00
6.448857009479549163e+01 4.076814127104292140e+01 0.000000000000000000e+00
1.159618538256052034e+02 9.096289742933990397e+00 0.000000000000000000e+00
2.741127427260895502e+02 2.688898860035139364e+02 1.000000000000000000e+00
2.598270915114154604e+02 2.100723308707254375e+02 1.000000000000000000e+00
3.329822887825694693e+02 2.712471346614278218e+02 1.000000000000000000e+00
3.054412486949750587e+02 4.664675537720519287e+02 3.000000000000000000e+00
3.359892325028621372e+02 4.368587925623554611e+02 3.000000000000000000e+00
1.595742384829792115e+02 1.408521499310285492e+02 0.000000000000000000e+00
7.130550035890796607e+02 2.093251451189525483e+02 2.000000000000000000e+00
6.269036356822488898e+01 6.947726603590898264e+01 0.000000000000000000e+00
6.791321390020873423e+02 1.811042912536896097e+02 2.000000000000000000e+00
8.608351402695389254e+01 1.262539587641592078e+02 0.000000000000000000e+00
7.327191042901922629e+02 1.388434289958703971e+02 2.000000000000000000e+00
3.069749219480610236e+02 4.122526659322136311e+02 3.000000000000000000e+00
3.155637587546287932e+02 2.968416425848195104e+02 1.000000000000000000e+00
3.506964661927462430e+02 2.699799293387463877e+02 1.000000000000000000e+00
2.918015779307881417e+02 4.930397264996786362e+02 3.000000000000000000e+00
2.904281363543062184e+02 2.401282576884499349e+02 1.000000000000000000e+00
1.065571428981034643e+02 1.238528542368478753e+02 0.000000000000000000e+00
8.450692730368190553e+01 1.079078899769865814e+02 0.000000000000000000e+00
2.595290366357804714e+02 2.533987254815083077e+02 1.000000000000000000e+00
6.826578266906733461e+02 1.515198405381406133e+02 2.000000000000000000e+00
2.420613254700804760e+02 4.370881418980730473e+02 3.000000000000000000e+00
6.128427391922036804e+02 1.248139829223927535e+02 2.000000000000000000e+00
6.560684227470101177e+02 1.729045341216315990e+02 2.000000000000000000e+00
7.206602977712703932e+02 1.663717998656382235e+02 2.000000000000000000e+00
3.536941476503181434e+02 5.079141323826861480e+02 3.000000000000000000e+00
2.833009060045986303e+02 2.061001338091901971e+02 1.000000000000000000e+00
2.351890359030975333e+02 5.442476589140418355e+02 3.000000000000000000e+00
2.539033708416199602e+02 5.355292796019510888e+02 3.000000000000000000e+00
2.195247872302116434e+02 2.735881442229889444e+02 1.000000000000000000e+00
6.281134153841752550e+02 1.179098731307675649e+02 2.000000000000000000e+00
2.937077884687773803e+02 5.110495940807989541e+02 3.000000000000000000e+00
1.621587715175421351e+01 1.249488765693402570e+02 0.000000000000000000e+00
3.162662834986752500e+02 2.980679142267002817e+02 1.000000000000000000e+00
2.879562085390634252e+02 5.214795165782544473e+02 3.000000000000000000e+00
3.530005621154726327e+02 2.582133025511183746e+02 1.000000000000000000e+00
1.153092972004907324e+02 1.186303087787218402e+02 0.000000000000000000e+00
2.924181732697369966e+02 5.171211242808547013e+02 3.000000000000000000e+00
2.917222115777083786e+02 2.228761815685501233e+02 1.000000000000000000e+00
3.643408862379489506e+02 2.275368500158711527e+02 1.000000000000000000e+00
2.623937363251037596e+02 4.841390504393472725e+02 3.000000000000000000e+00
6.866151357618350630e+02 1.148177161075446406e+02 2.000000000000000000e+00
5.492696764973025836e+01 9.077288988540701098e+01 0.000000000000000000e+00
2.346481592938881136e+02 5.358466877499706698e+02 3.000000000000000000e+00
2.657478869201899556e+02 5.503950132606805710e+02 3.000000000000000000e+00
7.534554472929116855e+02 1.451983551161556818e+02 2.000000000000000000e+00
6.176219998028891922e+01 1.061607289720245433e+02 0.000000000000000000e+00
2.976437666249123026e+01 1.380373784722365826e+02 0.000000000000000000e+00
3.531584299021289439e+02 5.087161354848667543e+02 3.000000000000000000e+00
2.243055242673063390e+02 2.428874742518794960e+02 1.000000000000000000e+00
6.327980920723818059e+01 1.300998650830748886e+02 0.000000000000000000e+00
6.943424304374227063e+01 6.248834104793686350e+01 0.000000000000000000e+00
7.386374447383880124e+02 2.069041899587613784e+02 2.000000000000000000e+00
3.061867533458532762e+02 2.916627355527432428e+02 1.000000000000000000e+00
3.135623702376972233e+02 2.264147183219588157e+02 1.000000000000000000e+00
7.567945588878574199e+02 1.113957356774233176e+02 2.000000000000000000e+00
6.920335702218734752e+01 1.415699676516726981e+02 0.000000000000000000e+00
3.079758829122194470e+02 5.778304556522530220e+02 3.000000000000000000e+00
7.347602537127504547e+02 1.573672505881418431e+02 2.000000000000000000e+00
4.213861201746448160e+01 1.520119179736011006e+02 0.000000000000000000e+00
2.514852873516390162e+02 2.613507821753338476e+02 1.000000000000000000e+00
7.462711625276145355e+01 1.054903533605144759e+02 0.000000000000000000e+00
9.638471970892213392e+01 1.747038895922685242e+02 0.000000000000000000e+00
2.481455844689828041e+02 4.962790342222310755e+02 3.000000000000000000e+00
1.276615500428074625e+02 1.477899657462402274e+02 0.000000000000000000e+00
3.335019165658530369e+02 5.784352325005563671e+02 3.000000000000000000e+00
1.613111685743382964e+02 1.787743507960113902e+02 0.000000000000000000e+00
2.709315189606880949e+02 4.913134753710333484e+02 3.000000000000000000e+00
3.198471764915352082e+02 5.230782357359461230e+02 3.000000000000000000e+00
2.847484052076682133e+02 4.500420426770850213e+02 3.000000000000000000e+00
2.631749450793251981e+02 5.368773921689830786e+02 3.000000000000000000e+00
6.613618456463252642e+02 1.210275472307550899e+02 2.000000000000000000e+00
3.433036548188357528e+02 5.147201463712217446e+02 3.000000000000000000e+00
2.544396722753213851e+02 2.014239446816296208e+02 1.000000000000000000e+00
2.785891934186862500e+02 2.510162083354006484e+02 1.000000000000000000e+00
6.410396292392678674e+01 1.724988146856398430e+02 0.000000000000000000e+00
8.517183987118185939e+01 8.217536817774833935e+01 0.000000000000000000e+00
7.130319845456250505e+02 1.549907808417285082e+02 2.000000000000000000e+00
6.786361343304635341e+01 9.241800888999198094e+01 0.000000000000000000e+00
6.827561464995696952e+02 1.729100546742886308e+02 2.000000000000000000e+00
3.319165278626697955e+02 4.645248158451424842e+02 3.000000000000000000e+00
1.029834562617421341e+02 7.691603722384020614e+01 0.000000000000000000e+00
7.622045612823627607e+02 1.745330490531480336e+02 2.000000000000000000e+00
1.268228180124364002e+02 9.169977209957693276e+01 0.000000000000000000e+00
3.030575208763077910e+01 6.787028983550737848e+01 0.000000000000000000e+00
7.720185104984091140e+02 1.021958490614609616e+02 2.000000000000000000e+00
2.868508922905356826e+02 5.265586030210488389e+02 3.000000000000000000e+00
5.244562968863884578e+01 9.972734582805250625e+01 0.000000000000000000e+00
7.287867268214932892e+02 1.400632277317984631e+02 2.000000000000000000e+00
7.280713348846811641e+02 1.529314172803058227e+02 2.000000000000000000e+00
7.452802053470932151e+02 1.275607598747297402e+02 2.000000000000000000e+00
3.182923858688324685e+02 2.884936697925738258e+02 1.000000000000000000e+00
3.421375899452179397e+02 4.774636934752732031e+02 3.000000000000000000e+00
7.279654461487477874e+02 1.380496159772025635e+02 2.000000000000000000e+00
2.624847907539419225e+02 2.673243181260537540e+02 1.000000000000000000e+00
1.078027878860552420e+02 4.873748577177634900e+01 0.000000000000000000e+00
6.887369827679958689e+02 1.264245319208572198e+02 2.000000000000000000e+00
3.214638608226729275e+02 2.661878182245720268e+02 1.000000000000000000e+00
2.889270802090444477e+02 2.949562122245775413e+02 1.000000000000000000e+00
6.676512987208186587e+02 1.058350405680295268e+02 2.000000000000000000e+00
2.472913062743693899e+02 2.716403287983923178e+02 1.000000000000000000e+00
6.606752726501716779e+02 1.140671211427193583e+02 2.000000000000000000e+00
7.511924808251209242e+02 1.145613407183618904e+02 2.000000000000000000e+00
1.489948225677463824e+02 1.225942442537430423e+02 0.000000000000000000e+00
2.878901593238298915e+02 5.395871776774356476e+02 3.000000000000000000e+00
6.564110446222630912e+01 8.404231374137856392e+01 0.000000000000000000e+00
6.979966943414185607e+02 1.162553757385629467e+02 2.000000000000000000e+00
2.930614441170848181e+02 2.295988184097753333e+02 1.000000000000000000e+00
7.005499394934213342e+02 7.621195345487815587e+01 2.000000000000000000e+00
2.598693697238444429e+02 5.069851831125428134e+02 3.000000000000000000e+00
3.471767992481058513e+02 5.334654394863099469e+02 3.000000000000000000e+00
2.813002730536858849e+02 2.155002680110106326e+02 1.000000000000000000e+00
1.342732244761076572e+02 9.395897626799413160e+01 0.000000000000000000e+00
2.713422336965409158e+02 4.797490586730204427e+02 3.000000000000000000e+00
6.997629037666707745e+02 2.046424027361332492e+02 2.000000000000000000e+00
6.760739818993405379e+02 8.919842859231745535e+01 2.000000000000000000e+00
2.712023787143241975e+02 2.142570239074323410e+02 1.000000000000000000e+00
3.348384712868647739e+02 2.148811753385651855e+02 1.000000000000000000e+00
7.027053692026768204e+02 1.314791298356379627e+02 2.000000000000000000e+00
7.109858881444978351e+02 1.258551825592363684e+02 2.000000000000000000e+00
1.304415090058797375e+02 1.248670006597131419e+02 0.000000000000000000e+00
1.380035367010235632e+02 1.139457116680920876e+02 0.000000000000000000e+00
7.096022771718687636e+02 1.540063763236249486e+02 2.000000000000000000e+00
7.473247822932682993e+02 1.787558866211316513e+02 2.000000000000000000e+00
3.082676204683201604e+02 2.712417002791223695e+02 1.000000000000000000e+00
2.399868649608571900e+02 4.672598343762529680e+02 3.000000000000000000e+00
7.425526388668437505e+01 3.106387391102293805e+01 0.000000000000000000e+00
3.165636541517437763e+02 2.297106215242031055e+02 1.000000000000000000e+00
2.375194263268293469e+02 5.402442826839019290e+02 3.000000000000000000e+00
2.561731508410995275e+02 4.562841357469587820e+02 3.000000000000000000e+00
7.182465444542053774e+02 1.122051921044795648e+02 2.000000000000000000e+00
3.211577447366632896e+02 2.598459115473937686e+02 1.000000000000000000e+00
9.831314194837683829e+01 1.085245123044037001e+02 0.000000000000000000e+00
3.530584656946277278e+02 2.114157430317494573e+02 1.000000000000000000e+00
6.660370850922536192e+02 2.151800017292931386e+02 2.000000000000000000e+00
2.359263619170192783e+02 4.984837175526345732e+02 3.000000000000000000e+00
3.249007656121999048e+02 2.247523223301257076e+02 1.000000000000000000e+00
6.396135357572680959e+02 1.389043443302755918e+02 2.000000000000000000e+00
3.787091872857218391e+02 5.179073286297062850e+02 3.000000000000000000e+00
1.953257909945576785e+02 1.577791794796165448e+02 0.000000000000000000e+00
7.010498647144635243e+02 1.454265936051049266e+02 2.000000000000000000e+00
3.045023012362581767e+02 2.237781988206256756e+02 1.000000000000000000e+00
6.807442950380947195e+02 2.058826120525496890e+02 2.000000000000000000e+00
3.224579963820450530e+02 4.496161532480111305e+02 3.000000000000000000e+00
2.889426861993665057e+02 2.396169207266384262e+02 1.000000000000000000e+00
2.556208978545541868e+02 2.280992759728227384e+02 1.000000000000000000e+00
3.135290189474046088e+02 2.760712504680246298e+02 1.000000000000000000e+00
3.055625660121872897e+02 4.656931918169840401e+02 3.000000000000000000e+00
6.390892763798325404e+02 1.722785648231554774e+02 2.000000000000000000e+00
4.119883059634767051e+02 4.869689470165988610e+02 3.000000000000000000e+00
6.980662150488071802e+02 1.256759497219323976e+02 2.000000000000000000e+00
2.704332319843668415e+02 4.976509522652424380e+02 3.000000000000000000e+00
2.094535879585676525e+02 5.150007967928061134e+02 3.000000000000000000e+00
1.427403759726403791e+02 1.018645678459444923e+02 0.000000000000000000e+00
1.607997944306309250e+02 1.887835722966477761e+02 0.000000000000000000e+00
6.937985676752670088e+02 1.526424104714596979e+02 2.000000000000000000e+00
3.034101029828154878e+02 5.039768794683416786e+02 3.000000000000000000e+00
7.121582445792827798e+01 8.748028045783689777e+01 0.000000000000000000e+00
3.372163398444446329e+02 2.429873439069191932e+02 1.000000000000000000e+00
2.644541886763345246e+02 4.945676062942525277e+02 3.000000000000000000e+00
3.064264475927909075e+02 2.118942018873844972e+02 1.000000000000000000e+00
7.722751786119259521e+01 1.307961741976304495e+02 0.000000000000000000e+00
6.380698270860383445e+02 1.712789855602876514e+02 2.000000000000000000e+00
2.600460481561852930e+02 2.203945283704194651e+02 1.000000000000000000e+00
2.732914911771776474e+02 3.172768696029255011e+02 1.000000000000000000e+00
6.665922923923407097e+02 1.121303835617124207e+02 2.000000000000000000e+00
2.664928783236821914e+02 2.263526758494228091e+02 1.000000000000000000e+00
3.446796223766140201e+02 4.890577688836868333e+02 3.000000000000000000e+00
2.314948270927017973e+02 5.245180947273199763e+02 3.000000000000000000e+00
1.057617428464351121e+02 1.781709402785189980e+02 0.000000000000000000e+00
7.349324734428164447e+02 1.979894470566015059e+02 2.000000000000000000e+00
-2.119592633363140521e+00 1.461447438176144260e+02 0.000000000000000000e+00
6.936024084897183002e+02 1.167217002713150009e+02 2.000000000000000000e+00
2.549364229651201015e+02 4.618478231890974257e+02 3.000000000000000000e+00
1.374578290332446500e+02 1.185961929252131881e+02 0.000000000000000000e+00
2.590857983678314440e+02 4.539723198297341469e+02 3.000000000000000000e+00
2.842871758581516701e+02 4.865490456365768637e+02 3.000000000000000000e+00
2.634751384972472010e+02 4.928617274041095015e+02 3.000000000000000000e+00
9.369331935344736451e+01 2.102689398919283690e+02 0.000000000000000000e+00
7.365788132779985631e+01 9.943064136240045059e+01 0.000000000000000000e+00
3.275152556469901697e+02 2.519942906639928992e+02 1.000000000000000000e+00
2.791368128802650972e+02 2.026125363835379289e+02 1.000000000000000000e+00
3.723252724231590491e+02 2.674655389851717473e+02 1.000000000000000000e+00
1.014802288764059881e+02 1.507160963093081421e+02 0.000000000000000000e+00
6.673889735545416215e+02 2.220485596323413802e+02 2.000000000000000000e+00
2.967062541283459041e+02 4.808150793970477253e+02 3.000000000000000000e+00
6.810655629799008466e+02 1.418571731410609118e+02 2.000000000000000000e+00
7.624511839582322636e+02 1.123891905617118141e+02 2.000000000000000000e+00
8.430444007401453632e+01 -1.845722191997069217e+00 0.000000000000000000e+00
3.330450283372476861e+02 4.976897376648514637e+02 3.000000000000000000e+00
6.738686119228843836e+02 1.531405610069670615e+02 2.000000000000000000e+00
3.428144006789269724e+02 4.711999427483676186e+02 3.000000000000000000e+00
3.384277359384263946e+02 3.031625138615872856e+02 1.000000000000000000e+00
7.343641677114212598e+02 1.176149369583954893e+02 2.000000000000000000e+00
3.513382014506610176e+02 5.239178596556872662e+02 3.000000000000000000e+00
3.132014045804124862e+02 3.390377732695303621e+02 1.000000000000000000e+00
3.057642594049292484e+02 5.093383231864927438e+02 3.000000000000000000e+00
7.015247200071760290e+02 1.268432744022716889e+02 2.000000000000000000e+00
6.244073709288858964e+01 1.606808396565297699e+02 0.000000000000000000e+00
2.749576691244070616e+02 4.467922235070201964e+02 3.000000000000000000e+00
7.271827146306033001e+02 1.330484700580209392e+02 2.000000000000000000e+00
7.221728561074537822e+01 1.140146183868931757e+02 0.000000000000000000e+00
3.202895580443845915e+02 2.453508119845140243e+02 1.000000000000000000e+00
2.613574725982372229e+02 5.864005243348294698e+02 3.000000000000000000e+00
1.368343529512327450e+02 1.327491061177208564e+02 0.000000000000000000e+00
3.360289562035672475e+02 5.356545642541177585e+02 3.000000000000000000e+00
2.431232051343825162e+02 3.299182431900001689e+02 1.000000000000000000e+00
3.696251778358132469e+02 2.382605978044248900e+02 1.000000000000000000e+00
3.308269221785337209e+02 2.447824106486669109e+02 1.000000000000000000e+00
3.469461895062019607e+01 5.728929102766183945e+01 0.000000000000000000e+00
3.423610901776786477e+02 2.090974243495725773e+02 1.000000000000000000e+00
2.817669860880252486e+02 3.070463500807706509e+02 1.000000000000000000e+00
3.557007379773708635e+02 2.915034266820253492e+02 1.000000000000000000e+00
2.581790177172213703e+02 2.066057576215421818e+02 1.000000000000000000e+00
2.450782979619641822e+02 2.072903195592357406e+02 1.000000000000000000e+00
2.540955622062745931e+02 2.356754369808057277e+02 1.000000000000000000e+00
7.077285421293478294e+02 2.018936835637156264e+02 2.000000000000000000e+00
6.234502931655397333e+02 1.765424630636552479e+02 2.000000000000000000e+00
3.281644408856632822e+02 1.901728193497193615e+02 1.000000000000000000e+00
8.048229538407296104e+02 1.201010728773848228e+02 2.000000000000000000e+00
8.455198399418861754e+00 1.300593766008614693e+02 0.000000000000000000e+00
6.344630549703283577e+02 7.894445534613696225e+01 2.000000000000000000e+00
2.845074625017259677e+02 4.860966194833822556e+02 3.000000000000000000e+00
6.321547493267382833e+02 1.792073412451845797e+02 2.000000000000000000e+00
2.509351336241353749e+02 2.886978460020093848e+02 1.000000000000000000e+00
2.935450585488888464e+02 3.217779522090029332e+02 1.000000000000000000e+00
9.777430823912425240e+00 7.909972625457585593e+01 0.000000000000000000e+00
9.557837371070110066e+01 1.608069084686320025e+02 0.000000000000000000e+00
3.338963342192613482e+02 4.920512061476492818e+02 3.000000000000000000e+00
7.041748014434746494e+01 1.817205838162694249e+02 0.000000000000000000e+00
7.184317731080502654e+02 1.339605536841439744e+02 2.000000000000000000e+00
7.042333857446711818e+02 1.155796101156156794e+02 2.000000000000000000e+00
2.966684641720014497e+02 5.641145451750854818e+02 3.000000000000000000e+00
2.641452110979128065e+02 1.714907196343699241e+02 1.000000000000000000e+00
7.199858782044786949e+02 1.012526468009121174e+02 2.000000000000000000e+00
2.883343205459262322e+02 1.803590876656439264e+02 1.000000000000000000e+00
3.055995386954743935e+02 4.862381748460149993e+02 3.000000000000000000e+00
7.045095176494295401e+02 1.762907076121910848e+02 2.000000000000000000e+00
3.374718086501595735e+02 5.308132351730885148e+02 3.000000000000000000e+00
7.310009305289668191e+02 1.673135048599997674e+02 2.000000000000000000e+00
1.298875333681852737e+02 7.244220179185055031e+01 0.000000000000000000e+00
8.523272648230225457e+01 1.104248328969629398e+02 0.000000000000000000e+00
3.141126642597751584e+02 2.438890230581836533e+02 1.000000000000000000e+00
6.993997965187454611e+02 1.454635347742906504e+02 2.000000000000000000e+00
3.266386858427815127e+02 1.486178215166307837e+02 1.000000000000000000e+00
3.607503734785432243e+02 2.031535815419968003e+02 1.000000000000000000e+00
2.887121649323826205e+02 2.036718725926388629e+02 1.000000000000000000e+00
2.982959228603585302e+02 5.155315525587296861e+02 3.000000000000000000e+00
2.975344779131114024e+02 1.926905804026356748e+02 1.000000000000000000e+00
2.954015293489002261e+02 5.198340267586172558e+02 3.000000000000000000e+00
3.446922126214665809e+02 2.292439918230059277e+02 1.000000000000000000e+00
3.174919237499949531e+01 1.980310158092715938e+02 0.000000000000000000e+00
1.231408599091551395e+02 1.339861782797269711e+02 0.000000000000000000e+00
7.956779449724507458e+01 7.277471263510351207e+01 0.000000000000000000e+00
2.924764104780139746e+02 4.585700909521914923e+02 3.000000000000000000e+00
3.174218463718261205e+02 2.260310289016112222e+02 1.000000000000000000e+00
3.108468073854924114e+02 2.179401245842250034e+02 1.000000000000000000e+00
2.837478747821975276e+02 2.154382003559052237e+02 1.000000000000000000e+00
4.037769835107260974e+02 2.338387082459625219e+02 1.000000000000000000e+00
3.368563359124232193e+02 2.684325790859531935e+02 1.000000000000000000e+00
1.158402685064658044e+02 7.627753965077977227e+01 0.000000000000000000e+00
6.348711098223365923e+01 1.646806515238341149e+02 0.000000000000000000e+00
1.879118880643314924e+02 2.024630231366792259e+02 1.000000000000000000e+00
1.066669398149011556e+02 1.454012574756842469e+02 0.000000000000000000e+00
3.938658812210624660e+02 1.988335557188696612e+02 1.000000000000000000e+00
9.753494391617410031e+01 1.157077889483530129e+02 0.000000000000000000e+00
2.624820961895404707e+02 5.109491779809889636e+02 3.000000000000000000e+00
3.159318434478997233e+02 4.497690047303399297e+02 3.000000000000000000e+00
8.171638496705544412e+02 1.589143329241394724e+02 2.000000000000000000e+00
6.857251388789760540e+02 1.718262929388010889e+02 2.000000000000000000e+00
2.807903183304710524e+02 2.290699622646041860e+02 1.000000000000000000e+00
4.376148334928402761e+01 9.639769416521841094e+01 0.000000000000000000e+00
2.648335748465970028e+02 2.407559356962801473e+02 1.000000000000000000e+00
6.602655449830746193e+02 2.316828859930781732e+02 2.000000000000000000e+00
6.609241845305870129e+02 1.264168030981913660e+02 2.000000000000000000e+00
2.828310440171120490e+02 4.095102545902477686e+02 3.000000000000000000e+00
3.313497797469890997e+02 5.760536020739244805e+02 3.000000000000000000e+00
7.010695353069854718e+02 1.573380101432630624e+02 2.000000000000000000e+00
3.085034818575014697e+02 3.118812598796337738e+02 1.000000000000000000e+00
7.610735724138550040e+01 1.104831308105597145e+02 0.000000000000000000e+00
4.072228336307600216e+02 2.419676594401733780e+02 1.000000000000000000e+00
2.544670416713993575e+02 5.051664869696150504e+02 3.000000000000000000e+00
6.938371040630065636e+02 1.977444672299679382e+02 2.000000000000000000e+00
1.527654750520630387e+02 8.470324725800325893e+01 0.000000000000000000e+00
3.461673612197607781e+02 2.569001766597146457e+02 1.000000000000000000e+00
2.217187667344164481e+01 8.348866023458833752e+01 0.000000000000000000e+00
3.496519688126396659e+02 4.937640805693718562e+02 3.000000000000000000e+00
2.920885019330908108e+02 4.664889496245917826e+02 3.000000000000000000e+00
6.597875251060456776e+02 1.540562858667284445e+02 2.000000000000000000e+00
1.170503492311240450e+02 1.470763214012098103e+02 0.000000000000000000e+00
9.102964262993438638e+01 1.079100107817971974e+02 0.000000000000000000e+00
7.306796180223821011e+02 1.089597099349687284e+02 2.000000000000000000e+00
6.968516558299336339e+01 1.179966362286071160e+02 0.000000000000000000e+00
3.928319935712119104e+02 2.546836348862176749e+02 1.000000000000000000e+00
6.347512196938587294e+02 1.379411074055322786e+02 2.000000000000000000e+00
2.787004032316372673e+02 2.758022109383950919e+02 1.000000000000000000e+00
2.981846654341491103e+02 4.978744664223407312e+02 3.000000000000000000e+00
7.086221221515473871e+02 1.727202943690568020e+02 2.000000000000000000e+00
7.228443928851928604e+02 1.282522388126889155e+02 2.000000000000000000e+00
6.349471224869267871e+02 1.446071019562258471e+02 2.000000000000000000e+00
8.419084069382583380e+01 7.362317934400348918e+01 0.000000000000000000e+00
7.359774719463668191e+01 1.270327581318411205e+02 0.000000000000000000e+00
2.140752608707640832e+02 4.586734089883453294e+02 3.000000000000000000e+00
6.975855002243064291e+02 1.215583761283555475e+02 2.000000000000000000e+00
6.811703000726909067e+02 1.609118555812105740e+02 2.000000000000000000e+00
6.747414871822184068e+01 5.094869590673292237e+01 0.000000000000000000e+00
6.916685958762001292e+02 2.129748494990228664e+02 2.000000000000000000e+00
1.073570197736123930e+02 1.045804095849756692e+02 0.000000000000000000e+00
3.199220961873142528e+02 2.489523105062299919e+02 1.000000000000000000e+00
3.544408609768194651e+01 1.114903887914412479e+02 0.000000000000000000e+00
9.817184157359061203e+01 1.288203062302869171e+02 0.000000000000000000e+00
3.292620632744861382e+02 5.127859913253629429e+02 3.000000000000000000e+00
3.205134583037102516e+02 2.369472615136672857e+02 1.000000000000000000e+00
1.506031135235506326e+02 1.284598805092751093e+02 0.000000000000000000e+00
3.267824936203633115e+02 5.401767676904649989e+02 3.000000000000000000e+00
3.038164750330746529e+02 5.934963864591310312e+02 3.000000000000000000e+00
3.375156548827757774e+02 4.658704606289875301e+02 3.000000000000000000e+00
2.862705978217958886e+02 5.028309630360260485e+02 3.000000000000000000e+00
3.324933435736732577e+02 5.218508746777506531e+02 3.000000000000000000e+00
3.389014315657015004e+02 3.353547298881815095e+02 1.000000000000000000e+00
1.235951928293807782e+02 1.054456476011684032e+02 0.000000000000000000e+00
2.270368179167853100e+02 4.768516594801252495e+02 3.000000000000000000e+00
8.402203882948499825e+01 1.348022355139007402e+02 0.000000000000000000e+00
3.143801759828403988e+02 2.442173273226505614e+02 1.000000000000000000e+00
6.454823621116796630e+02 1.183297393742614219e+02 2.000000000000000000e+00
5.289484150069476698e+01 7.439214796260154117e+01 0.000000000000000000e+00
7.424640068014103917e+02 1.026045022171292089e+02 2.000000000000000000e+00
6.555097259781189223e+01 1.964025981239613543e+02 0.000000000000000000e+00
2.415304663113310824e+02 4.380481545198933873e+02 3.000000000000000000e+00
2.619792821822188102e+02 4.814401430667662680e+02 3.000000000000000000e+00
5.582466642286198066e+01 1.220866031704389769e+02 0.000000000000000000e+00
1.026606888953267145e+02 1.320988759095912428e+02 0.000000000000000000e+00
3.392930793520119437e+02 5.414977918692363801e+02 3.000000000000000000e+00
6.664147021130723942e+02 9.527019618646437493e+01 2.000000000000000000e+00
1.408716234235469074e+02 9.789837306333083689e+01 0.000000000000000000e+00
2.657380276706315954e+02 1.883365040131284900e+02 1.000000000000000000e+00
1.217324756555007923e+02 1.375617183068816871e+02 0.000000000000000000e+00
3.859829813946914783e+02 2.463902460133699890e+02 1.000000000000000000e+00
6.592688269773259435e+02 1.238171946000966415e+02 2.000000000000000000e+00
2.447827699077092234e+02 2.285634175333535154e+02 1.000000000000000000e+00
2.848728781242804189e+02 5.341155638907550838e+02 3.000000000000000000e+00
1.569193398606442429e+02 1.358434633982624007e+02 0.000000000000000000e+00
7.605384252308056148e+01 7.536412056158422956e+01 0.000000000000000000e+00
3.678938592405579584e+02 4.773358790144918657e+02 3.000000000000000000e+00
1.438538738266319399e+02 1.106313679462185462e+02 0.000000000000000000e+00
6.885616339405930830e+02 2.098764397408330922e+02 2.000000000000000000e+00
7.098489104510572361e+02 1.132806277598153741e+02 2.000000000000000000e+00
3.307508257759790240e+02 2.331468965070127695e+02 1.000000000000000000e+00
1.325069616843616984e+02 1.434903751759930515e+02 0.000000000000000000e+00
2.837811017143731647e+02 5.173575587292115188e+02 3.000000000000000000e+00
1.377218434929007174e+02 1.041291331241774287e+01 0.000000000000000000e+00
3.309664243927526286e+02 2.190216412491669757e+02 1.000000000000000000e+00
2.754949704450025934e+02 2.170868670282287383e+02 1.000000000000000000e+00
2.522005277892535844e+02 2.299836133078294438e+02 1.000000000000000000e+00
2.801559066406974807e+02 2.470078006927863612e+02 1.000000000000000000e+00
7.133119286961781427e+02 1.905500218999304138e+02 2.000000000000000000e+00
1.160936656471019575e+02 9.260759636238746850e+01 0.000000000000000000e+00
3.236690790060627023e+02 4.809510225474132312e+02 3.000000000000000000e+00
3.007516716709703246e+02 2.262489020888532991e+02 1.000000000000000000e+00
7.403438914744041313e+02 1.711038953109726322e+02 2.000000000000000000e+00
1.126864250517075448e+02 1.408016245828347053e+02 0.000000000000000000e+00
2.965953758992237681e+02 2.274279586679135718e+02 1.000000000000000000e+00
3.446390611210696875e+02 4.631784734763423899e+02 3.000000000000000000e+00
6.277899324547831839e+02 1.832154402136156648e+02 2.000000000000000000e+00
2.837623309124606408e+02 2.789747401947985850e+02 1.000000000000000000e+00
1.245631748138432044e+02 1.568882668626610553e+02 0.000000000000000000e+00
7.095634832149439717e+02 1.256845021487218332e+02 2.000000000000000000e+00
8.610197390005747309e+01 9.674926092558699509e+01 0.000000000000000000e+00
9.468477689652178242e+01 1.080883648239308741e+02 0.000000000000000000e+00
2.772893103391925251e+02 4.763536132431058832e+02 3.000000000000000000e+00
2.790952233440608552e+02 2.917191037858550544e+02 1.000000000000000000e+00
2.553220178501310613e+02 2.485881304158833700e+02 1.000000000000000000e+00
2.963586932856877638e+02 4.268409345881622130e+02 3.000000000000000000e+00
9.031920680519121447e+01 1.807304468142282303e+02 0.000000000000000000e+00
2.930556705712247094e+02 5.359296248961446736e+02 3.000000000000000000e+00
7.446913386275275570e+02 8.744381460640934733e+01 2.000000000000000000e+00
2.932096682439005804e+02 2.446346886892631858e+02 1.000000000000000000e+00
6.766362581282032806e+02 1.634042248078399666e+02 2.000000000000000000e+00
6.652454981253619053e+02 1.762556300343721034e+02 2.000000000000000000e+00
1.308716220485466977e+02 1.529401661585492604e+02 0.000000000000000000e+00
2.732911885456240384e+02 2.630785038161782836e+02 1.000000000000000000e+00
2.736829562985282109e+02 2.887553055425220236e+02 1.000000000000000000e+00
3.297520061506393176e+02 5.236859636312693738e+02 3.000000000000000000e+00
7.487649761433684148e+01 1.007589152615684895e+02 0.000000000000000000e+00
3.097844144531788970e+02 4.688030700429998774e+02 3.000000000000000000e+00
3.247661968642195802e+02 4.250274601303572695e+02 3.000000000000000000e+00
2.406846656970382980e+02 1.976235141467594190e+02 1.000000000000000000e+00
3.742840907902343588e+02 5.165869706643688914e+02 3.000000000000000000e+00
2.903464883418758404e+02 2.148723862875970667e+02 1.000000000000000000e+00
6.769503273509238852e+02 1.729843566917029136e+02 2.000000000000000000e+00
2.563586809049314752e+02 4.949257650814954559e+02 3.000000000000000000e+00
6.222617259485271006e+02 1.703319674237589254e+02 2.000000000000000000e+00
6.364947016163787907e+01 1.030272951608839378e+02 0.000000000000000000e+00
2.725961207867429152e+02 4.716191595716799725e+02 3.000000000000000000e+00
6.985361082833501314e+02 1.466310681389042259e+02 2.000000000000000000e+00
7.160354271641648438e+02 1.496137105386836765e+02 2.000000000000000000e+00
2.683790791266769133e+02 2.137079951389869166e+02 1.000000000000000000e+00
2.437416137958547324e+02 4.930070651352893378e+02 3.000000000000000000e+00
2.862632854366963215e+02 4.661115928816588507e+02 3.000000000000000000e+00
1.545812739240988662e+02 9.242203261800248981e+01 0.000000000000000000e+00
6.995545749063733183e+02 2.037629749869370812e+02 2.000000000000000000e+00
2.820385143421214025e+02 5.196388422072791400e+02 3.000000000000000000e+00
4.010547296142399318e+02 3.207968555278693543e+02 1.000000000000000000e+00
7.202667610411355099e+02 1.251109811297977643e+02 2.000000000000000000e+00
3.122481358521483230e+02 5.145479157085345605e+02 3.000000000000000000e+00
2.649938100434433181e+02 4.762591873060989656e+02 3.000000000000000000e+00
3.010154241762583638e+02 2.744156705722165270e+02 1.000000000000000000e+00
2.451771232815724488e+02 5.124225884168191669e+02 3.000000000000000000e+00
7.432217650810194982e+02 8.569293683827291375e+01 2.000000000000000000e+00
7.337998241200334633e+02 1.229762468947974696e+02 2.000000000000000000e+00
5.216523790935880811e+00 1.545620920199059185e+02 0.000000000000000000e+00
2.701990713276924225e+02 5.404904204026133812e+02 3.000000000000000000e+00
8.007870197230781173e+01 1.971812821526794437e+02 0.000000000000000000e+00
7.786705588773895670e+02 1.421506414022583158e+02 2.000000000000000000e+00
2.439067786845886872e+02 4.877172605263425567e+02 3.000000000000000000e+00
3.432550413783275758e+02 2.247449604620244372e+02 1.000000000000000000e+00
9.132201720253404176e+01 1.378157300357918871e+02 0.000000000000000000e+00
1.085392019564067567e+02 7.165705385067114719e+01 0.000000000000000000e+00
3.542177081037767152e+02 2.340740748499970039e+02 1.000000000000000000e+00
3.118311635402754973e+02 5.337035518582791838e+02 3.000000000000000000e+00
6.919858607998005482e+02 8.143815535804014871e+01 2.000000000000000000e+00
1.062602615186150246e+02 1.292872414480110308e+02 0.000000000000000000e+00
1.209556409533682313e+02 1.235368834817864609e+02 0.000000000000000000e+00
6.280091527413302401e+02 1.058123941117756317e+02 2.000000000000000000e+00
3.592655804109851658e+01 8.451276232619838424e+01 0.000000000000000000e+00
7.301546273424920628e+02 1.144724715565794781e+02 2.000000000000000000e+00
3.077145582220154552e+02 2.037193087673652769e+02 1.000000000000000000e+00
7.614743846197967514e+01 1.178973081492181478e+02 0.000000000000000000e+00
6.947751841601951810e+02 2.060275613777200476e+02 2.000000000000000000e+00
5.805788139731629371e+01 6.319928251284099474e+01 0.000000000000000000e+00
7.180314589970220140e+01 1.471989937698041047e+02 0.000000000000000000e+00
2.780200581478383697e+02 2.060571708977868184e+02 1.000000000000000000e+00
6.703653318318371248e+02 1.256683539967401941e+02 2.000000000000000000e+00
2.797569377568538016e+02 4.724621544511680895e+02 3.000000000000000000e+00
6.597585256831843026e+02 1.171380069758747027e+02 2.000000000000000000e+00
1.226916111141067773e+02 1.110929959793938195e+02 0.000000000000000000e+00
3.317552144923351989e+02 4.720313888365210460e+02 3.000000000000000000e+00
3.035630480998625558e+02 4.948338607015954267e+02 3.000000000000000000e+00
3.292969603901950677e+02 2.349911039695730892e+02 1.000000000000000000e+00
6.957338930535910322e+02 1.302714245155800938e+02 2.000000000000000000e+00
3.345206861260436426e+02 4.764120881720269836e+02 3.000000000000000000e+00
3.096481585687581060e+02 2.951113452051121158e+02 1.000000000000000000e+00
3.168367313670262888e+02 2.598640874504533826e+02 1.000000000000000000e+00
2.984292803584818898e+02 2.120426875660094765e+02 1.000000000000000000e+00
3.300778635070878408e+02 2.725195887434451265e+02 1.000000000000000000e+00
2.975178749680666215e+02 3.003666851844325265e+02 1.000000000000000000e+00
8.387292212107281841e+01 1.688978028152970978e+02 0.000000000000000000e+00
7.034581009603036819e+02 1.599082551386729847e+02 2.000000000000000000e+00
2.954205181764319832e+02 5.100652099527956125e+02 3.000000000000000000e+00
7.018066342375532258e+02 2.243738533540651474e+02 2.000000000000000000e+00
3.147555483034266217e+02 4.885472687675989505e+02 3.000000000000000000e+00
6.855554746104053265e+02 1.743584936661809763e+02 2.000000000000000000e+00
3.005295907067013559e+02 2.451222028959889201e+02 1.000000000000000000e+00
3.216049210560197480e+02 3.416186828212215687e+02 1.000000000000000000e+00
7.504227538016859853e+02 1.459842598639453684e+02 2.000000000000000000e+00
3.396129124262378127e+02 5.650572596396903009e+02 3.000000000000000000e+00
6.937191222087655262e+01 1.422314785633149086e+02 0.000000000000000000e+00
3.042092854823710582e+02 2.463336236759846827e+02 1.000000000000000000e+00
3.609508479046821208e+02 4.977087520083794061e+02 3.000000000000000000e+00
6.689108783137945693e+02 1.379998569224881919e+02 2.000000000000000000e+00
3.253754669275620586e+02 5.651710307983544226e+02 3.000000000000000000e+00
1.291636224871014633e+02 1.251593164302964283e+02 0.000000000000000000e+00
3.121462589410511441e+02 5.413582794725112990e+02 3.000000000000000000e+00
6.562441977306237959e+02 1.582318721493631983e+02 2.000000000000000000e+00
4.034969629177577843e+01 1.375756680505814700e+02 0.000000000000000000e+00
3.122508995322073702e+02 5.399659940078946647e+02 3.000000000000000000e+00
6.279373989902715181e+01 1.128564363165068301e+02 0.000000000000000000e+00
6.222214976326998226e+01 1.035980122718980567e+02 0.000000000000000000e+00
8.081376743968209553e+01 1.448143319337405046e+02 0.000000000000000000e+00
1.345774479543802329e+02 9.031339918374231956e+01 0.000000000000000000e+00
7.079595797762075335e+02 2.295492767438156534e+02 2.000000000000000000e+00
3.579939010144487384e+02 4.647421173412614621e+02 3.000000000000000000e+00
7.437666796577577770e+02 1.062303618785963408e+02 2.000000000000000000e+00
3.279752193435126628e+02 2.075511085021636291e+02 1.000000000000000000e+00
7.758472891453257034e+02 1.180085544645691726e+02 2.000000000000000000e+00
1.320225921372398830e+02 1.231304070064664558e+02 0.000000000000000000e+00
3.521685556739801086e+02 5.041924643228912828e+02 3.000000000000000000e+00
9.730897564308072845e+01 6.726416521421063521e+01 0.000000000000000000e+00
2.623381729873714221e+02 5.101886214677513181e+02 3.000000000000000000e+00
8.832650549008548069e+01 8.954031152753506717e+01 0.000000000000000000e+00
1.460932625913247875e+02 1.631847436814728383e+02 0.000000000000000000e+00
2.596978049686809982e+02 5.226747748976428056e+02 3.000000000000000000e+00
4.303756364069873541e+01 1.002672046655122386e+02 0.000000000000000000e+00
1.378900787109499220e+02 1.137995962763666284e+02 0.000000000000000000e+00
2.657903817099654589e+02 3.002887860331597949e+02 1.000000000000000000e+00
2.665555448199692137e+02 5.256884377331770111e+02 3.000000000000000000e+00
3.293437947291747605e+02 5.804745705250625178e+02 3.000000000000000000e+00
2.818578759636490076e+02 4.603348656648792030e+02 3.000000000000000000e+00
3.055498100516071531e+02 4.490272252906233348e+02 3.000000000000000000e+00
6.955022497592284481e+02 1.859145669281248558e+02 2.000000000000000000e+00
6.310708699713470651e+02 2.219015754850361759e+02 2.000000000000000000e+00
1.093928610379492739e+02 2.052861364228177479e+02 0.000000000000000000e+00
1.070970456901501109e+02 1.039287625516695215e+02 0.000000000000000000e+00
6.958714899415316495e+02 1.079443840535974175e+02 2.000000000000000000e+00
3.046266029618538482e+02 4.781057770280533532e+02 3.000000000000000000e+00
2.729643322399593330e+02 4.834713188659276852e+02 3.000000000000000000e+00
6.974535404484180390e+02 8.680277881315504374e+01 2.000000000000000000e+00
3.488553983783679087e+02 2.422863268582414094e+02 1.000000000000000000e+00
3.268646628814364021e+02 4.610333025982803861e+02 3.000000000000000000e+00
3.375434054499907006e+02 4.592299540197948318e+02 3.000000000000000000e+00
1.041583765353053082e+01 1.360599622036114908e+02 0.000000000000000000e+00
2.867159089060469910e+02 2.211427481771297607e+02 1.000000000000000000e+00
3.050627520612309809e+02 5.317202828278971083e+02 3.000000000000000000e+00
3.652638971012908655e+02 2.651103667892286921e+02 1.000000000000000000e+00
6.743709710323920490e+02 1.046275362511109108e+02 2.000000000000000000e+00
3.207576722270982827e+01 1.354912190158025282e+02 0.000000000000000000e+00
3.333060295785791141e+02 2.630826483648409067e+02 1.000000000000000000e+00
6.281017678253241456e+02 1.074626824738157325e+02 2.000000000000000000e+00
7.007450948264541921e+02 1.921729989961631020e+02 2.000000000000000000e+00
2.192783594073591757e+01 9.360433081082007334e+01 0.000000000000000000e+00
6.828519173765668029e+02 1.244863777410566286e+02 2.000000000000000000e+00
1.114537475556911801e+02 1.443537533790180305e+02 0.000000000000000000e+00
7.221651031330708292e+02 1.231949640909081438e+02 2.000000000000000000e+00
1.279382859642934420e+02 1.201508355634507694e+02 0.000000000000000000e+00
3.300410121675907931e+02 4.640354824629384325e+02 3.000000000000000000e+00
3.026996902896322581e+02 2.506535233645157064e+02 1.000000000000000000e+00
2.586942759243148089e+02 2.325300665016796984e+02 1.000000000000000000e+00
9.727033578701474426e+01 1.885337088659746598e+02 0.000000000000000000e+00
3.156145977403448910e+02 3.135412276439013226e+02 1.000000000000000000e+00
9.237386025674402390e+01 1.042060194386619827e+02 0.000000000000000000e+00
3.635104609498147283e+02 2.242696959284504601e+02 1.000000000000000000e+00
6.115581718222061625e+01 1.325926881806329618e+02 0.000000000000000000e+00
2.403893844837080565e+02 3.098455854780652885e+02 1.000000000000000000e+00
6.777493969842528543e+01 7.526752302713471465e+01 0.000000000000000000e+00
3.489150978821363651e+02 4.165395988457925114e+02 3.000000000000000000e+00
2.058543840123834627e+02 4.597942227617331241e+02 3.000000000000000000e+00
3.292663570812156877e+02 2.473804649942206879e+02 1.000000000000000000e+00
3.458104869207689944e+02 2.638597776802704402e+02 1.000000000000000000e+00
8.301346790268536324e+01 8.680141609848152484e+01 0.000000000000000000e+00
1.314531184843590381e+02 1.013432361305622749e+02 0.000000000000000000e+00
3.240865395830425655e+02 5.349309219320281272e+02 3.000000000000000000e+00
3.095833103942556477e+02 2.352079533478478766e+02 1.000000000000000000e+00
2.790103218015111679e+02 4.445888966493120620e+02 3.000000000000000000e+00
1.140712044272543295e+02 1.351694213414234582e+02 0.000000000000000000e+00
8.124543248132818007e+01 3.194234857997768984e+01 0.000000000000000000e+00
1.004139725826519793e+02 1.488013503736661107e+02 0.000000000000000000e+00
6.981088913721500830e+02 1.765657619743460032e+02 2.000000000000000000e+00
1.132230702509749563e+02 1.579698589423294379e+02 0.000000000000000000e+00
6.862321417413047584e+02 1.398915731183357423e+02 2.000000000000000000e+00
2.254880776613971705e+01 1.275511438717531405e+02 0.000000000000000000e+00
4.520664085986845748e+02 5.926068253602377354e+02 3.000000000000000000e+00
3.440913025835209851e+02 4.721170771055926707e+02 3.000000000000000000e+00
3.500800793101212776e+02 4.542122947502961097e+02 3.000000000000000000e+00
6.656918950781242756e+02 1.554181865275992322e+02 2.000000000000000000e+00
3.290869948008174788e+02 4.984437877334477207e+02 3.000000000000000000e+00
3.044748958758519279e+02 4.729718742651339767e+02 3.000000000000000000e+00
1.186264975892183884e+02 5.855025254891104680e+01 0.000000000000000000e+00
5.433047314352791091e+00 1.208133672682097313e+02 0.000000000000000000e+00
1.111969839617295293e+02 1.160739844142816821e+02 0.000000000000000000e+00
6.474860130180082933e+02 2.065949654368968993e+02 2.000000000000000000e+00
2.518505923120088141e+02 2.666817401187041696e+02 1.000000000000000000e+00
6.988057551345453930e+02 1.452731686253363250e+02 2.000000000000000000e+00
7.142281406289594088e+02 1.309085491838708322e+02 2.000000000000000000e+00
7.281434221857355169e+02 1.871658059107476504e+02 2.000000000000000000e+00
2.660671790877906915e+02 2.369732212471930382e+02 1.000000000000000000e+00
2.807582391202386134e+02 4.906122258270831935e+02 3.000000000000000000e+00
3.040871330777588355e+02 5.201997888712004396e+02 3.000000000000000000e+00
3.424285999736868007e+02 4.655948449483015565e+02 3.000000000000000000e+00
2.560760815854976613e+02 5.204906690730392711e+02 3.000000000000000000e+00
6.960396675486368849e+02 1.079738465365004174e+02 2.000000000000000000e+00
7.861247917028233587e+02 1.687321963075836777e+02 2.000000000000000000e+00
6.739337516376887152e+02 1.701926182536200827e+02 2.000000000000000000e+00
3.253413560984160426e+02 4.756473953033147382e+02 3.000000000000000000e+00
3.432422377634829331e+02 5.628932127014089701e+02 3.000000000000000000e+00
1.268917902804974176e+02 1.362984734496444048e+02 0.000000000000000000e+00
7.365280769700871133e+02 2.384521733295797219e+02 2.000000000000000000e+00
3.302296115557817302e+02 2.284346945298804030e+02 1.000000000000000000e+00
1.325807928995146483e+02 1.223570235672652018e+02 0.000000000000000000e+00
1.475211916940920673e+02 1.326777044769939948e+02 0.000000000000000000e+00
6.897506920801824890e+02 1.843064764048980919e+02 2.000000000000000000e+00
2.793405023220619796e+02 4.966669485901330177e+02 3.000000000000000000e+00
2.855360287687352070e+02 2.925834054451140673e+02 1.000000000000000000e+00
2.415306924695436805e+02 2.226624093284527248e+02 1.000000000000000000e+00
3.101121402167661927e+02 2.336794116384041331e+02 1.000000000000000000e+00
2.995977411252393949e+02 2.995202774383375868e+02 1.000000000000000000e+00
3.346210076268504849e+02 5.509617815178834235e+02 3.000000000000000000e+00
3.056324260751294446e+02 5.189395304666585389e+02 3.000000000000000000e+00
2.958008119592418552e+02 3.046965992984063405e+02 1.000000000000000000e+00
7.184587550976456214e+02 1.481407537586843830e+02 2.000000000000000000e+00
3.005593813943710302e+02 4.768423059443252896e+02 3.000000000000000000e+00
3.335796268927041979e+02 4.930428027877937893e+02 3.000000000000000000e+00
1.364071563237036742e+02 1.326887286076520809e+02 0.000000000000000000e+00
2.806700183008356930e+02 2.501028472972604106e+02 1.000000000000000000e+00
6.728162782982342378e+02 1.274272836127004496e+02 2.000000000000000000e+00
2.839376982200262773e+02 2.312609582128110901e+02 1.000000000000000000e+00
2.732910723633534644e+02 4.995377791910279370e+02 3.000000000000000000e+00
3.129947846318474376e+02 2.898847192316703740e+02 1.000000000000000000e+00
7.323896292325779314e+02 1.931972486857014246e+02 2.000000000000000000e+00
7.086096187055844666e+02 1.097453791328579911e+02 2.000000000000000000e+00
2.903338734947511739e+02 5.063460772026497239e+02 3.000000000000000000e+00
2.683085335277542072e+02 2.287357636795418045e+02 1.000000000000000000e+00
1.865294379712275941e+02 1.734611179774556717e+02 0.000000000000000000e+00
3.302019872102355293e+02 4.441385904970737215e+02 3.000000000000000000e+00
3.165565468044093222e+02 4.920287978034162961e+02 3.000000000000000000e+00
8.236309470829634449e+01 1.087857801926196402e+02 0.000000000000000000e+00
2.827815235245682857e+02 2.959751753346849910e+02 1.000000000000000000e+00
3.479206612135821786e+01 1.385112902210309755e+02 0.000000000000000000e+00
6.665657573007351857e+02 1.123162564450753678e+02 2.000000000000000000e+00
3.113725807599178097e+02 2.666160250468450954e+02 1.000000000000000000e+00
8.119868469196501337e+01 1.113307411769784494e+02 0.000000000000000000e+00
7.287896873742198522e+01 1.719138316260439581e+02 0.000000000000000000e+00
2.686311446986246665e+02 5.292517448336147936e+02 3.000000000000000000e+00
3.077091598599890858e+02 2.778575469356575809e+02 1.000000000000000000e+00
3.011003880811934437e+02 3.392806555810071245e+02 1.000000000000000000e+00
3.633928210939607197e+02 2.759187116403955429e+02 1.000000000000000000e+00
1.287993492057266280e+02 7.588375148178521101e+01 0.000000000000000000e+00
6.597376374082305119e+02 6.426767739045246230e+01 2.000000000000000000e+00
3.063700187349480757e+02 1.716580417945384625e+02 1.000000000000000000e+00
2.697402588447700964e+02 2.620605622958706249e+02 1.000000000000000000e+00
3.548395602516448548e+02 2.296062703144608292e+02 1.000000000000000000e+00
3.145792499696202071e+02 3.088528782456935460e+02 1.000000000000000000e+00
3.415638576151357029e+02 2.691638089639291138e+02 1.000000000000000000e+00
3.179147865644500826e+02 4.697699695823893080e+02 3.000000000000000000e+00
2.995541755263263326e+02 2.504599559948024989e+02 1.000000000000000000e+00
6.815242473858286303e+02 1.249403910740364978e+02 2.000000000000000000e+00
2.816943762284189461e+02 2.648724432598997396e+02 1.000000000000000000e+00
1.455760273817320183e+02 7.060696718585390386e+01 0.000000000000000000e+00
3.052629587163227711e+02 1.937775981043243974e+02 1.000000000000000000e+00
3.561818205975884553e+02 2.558576308191300086e+02 1.000000000000000000e+00
6.024974256320257382e+02 1.945969823796112053e+02 2.000000000000000000e+00
6.787202476235535187e+02 1.117496631027086949e+02 2.000000000000000000e+00
7.572627102979715801e+02 2.084885668312167866e+02 2.000000000000000000e+00
3.323672118741264967e+02 2.020762847923584786e+02 1.000000000000000000e+00
8.345524076961009996e+01 9.010180754236969847e+01 0.000000000000000000e+00
1.019797992660036243e+02 1.397534710512382503e+02 0.000000000000000000e+00
7.214693384555668842e+01 1.083841159678453323e+02 0.000000000000000000e+00
1.090243461788441550e+02 1.379884840092797162e+02 0.000000000000000000e+00
7.257452510181335583e+02 1.775558666643172785e+02 2.000000000000000000e+00
3.264802146580760791e+02 4.863650235772211659e+02 3.000000000000000000e+00
3.384019096459971365e+02 2.333400367025323021e+02 1.000000000000000000e+00
3.107609629270498885e+02 2.709967145458352888e+02 1.000000000000000000e+00
2.600606142027834835e+02 4.725512194431585726e+02 3.000000000000000000e+00
2.790024230834400214e+02 5.109766798112803485e+02 3.000000000000000000e+00
3.020381710804516047e+02 1.782308291404111742e+02 1.000000000000000000e+00
7.198646079393540731e+02 1.904853275928923892e+02 2.000000000000000000e+00
2.655895019216992523e+02 2.631320518000302400e+02 1.000000000000000000e+00
2.382831421138283758e+02 4.839294503149399702e+02 3.000000000000000000e+00
2.838724677260186695e+02 2.879762209517287488e+02 1.000000000000000000e+00
3.125610276728241388e+02 5.149150403540975276e+02 3.000000000000000000e+00
7.007006245311287103e+02 1.629450305843647584e+02 2.000000000000000000e+00
6.982344112460878023e+02 2.147383729692789984e+02 2.000000000000000000e+00
7.006596594792346195e+02 1.011289466122091198e+02 2.000000000000000000e+00