1.399725158767592403e-01 -8.463270384182400852e-01 1.000000000000000000e+00
5.370817002606640411e-01 9.045107988781331265e-01 0.000000000000000000e+00
4.915801068943277397e-01 -6.640257277441546924e-01 1.000000000000000000e+00
1.864029420559993322e-01 -8.221083767090882066e-01 1.000000000000000000e+00
8.564532021977765419e-01 6.551381088634983252e-01 0.000000000000000000e+00
1.014592533033769728e+00 -3.497016996599307259e-02 0.000000000000000000e+00
9.787925160693151660e-01 1.959830189077750584e-02 0.000000000000000000e+00
-3.891003296652817967e-01 9.567573979053506372e-01 0.000000000000000000e+00
8.791495296313845964e-01 5.038920565683421282e-01 0.000000000000000000e+00
3.858548385486816890e-01 6.795453484503070074e-01 1.000000000000000000e+00
-7.500033921137048143e-01 -2.100926181444953134e-01 1.000000000000000000e+00
5.711656052964192432e-01 -4.647258484592142191e-01 1.000000000000000000e+00
-3.912919321118419475e-02 8.800161703331448315e-01 1.000000000000000000e+00
-8.752663194464302410e-02 9.924444097143093613e-01 0.000000000000000000e+00
-1.029825123365420092e+00 -2.142127219756100875e-01 0.000000000000000000e+00
1.852771819156756594e-01 -8.197990187613535262e-01 1.000000000000000000e+00
6.327528531773238263e-02 -8.362265121643540633e-01 1.000000000000000000e+00
-1.689999838640440233e-01 -9.758024099199610335e-01 0.000000000000000000e+00
-1.051975539153965578e+00 -1.436083824289725586e-01 0.000000000000000000e+00
8.137758226624166591e-01 -6.126151494708709233e-01 0.000000000000000000e+00
-9.969029155113362517e-02 -8.525994845907851616e-01 1.000000000000000000e+00
-3.220188002093603008e-01 -1.015787234013734608e+00 0.000000000000000000e+00
-2.033928104912672286e-01 1.022759558692959203e+00 0.000000000000000000e+00
-8.461027711810469309e-01 -4.097291750380901432e-01 0.000000000000000000e+00
5.889028055350384872e-01 -7.437177693702324843e-01 0.000000000000000000e+00
6.175748348561587164e-01 5.406622266275498134e-01 1.000000000000000000e+00
6.381642653822471312e-01 6.077435480777302335e-01 1.000000000000000000e+00
2.540682240978395789e-01 7.908919897134438770e-01 1.000000000000000000e+00
5.117562161009479027e-01 8.850701869782355846e-01 0.000000000000000000e+00
6.605060628929607658e-01 -5.145033197885299225e-01 1.000000000000000000e+00
-6.368802545106676538e-01 4.437758934365854113e-01 1.000000000000000000e+00
1.018757547324008250e+00 -1.036309045507041171e-01 0.000000000000000000e+00
8.599904002519151436e-02 -1.001117877641801934e+00 0.000000000000000000e+00
9.642423005101236066e-01 -2.692731347305036271e-01 0.000000000000000000e+00
3.862511729689916407e-01 -8.266418520531164660e-01 0.000000000000000000e+00
-1.574315103855312148e-01 8.339161151914195047e-01 1.000000000000000000e+00
6.824064957966180511e-01 3.711496106126641603e-01 1.000000000000000000e+00
-2.687558397706302782e-01 1.040972926073558513e+00 0.000000000000000000e+00
9.881593117293548945e-01 2.481054847176076272e-01 0.000000000000000000e+00
3.388154574829935206e-01 -9.512066222257140602e-01 0.000000000000000000e+00
7.281980335668943871e-01 -2.891147348734362521e-01 1.000000000000000000e+00
-8.039655951092464781e-01 -5.731085809022985755e-02 1.000000000000000000e+00
-5.873657415174526886e-02 -1.073616155372996372e+00 0.000000000000000000e+00
7.495503258681994740e-01 -6.371188220056346330e-01 0.000000000000000000e+00
7.285405115101657447e-01 -6.844750747058334639e-01 0.000000000000000000e+00
-1.577626352402177745e-01 -1.046382196292624522e+00 0.000000000000000000e+00
-3.970655793880707440e-01 6.529333240379469050e-01 1.000000000000000000e+00
8.044080076934985168e-01 -1.087076890916626043e-01 1.000000000000000000e+00
5.220992722772711536e-01 6.873328264841924717e-01 1.000000000000000000e+00
-7.378242734230179289e-01 2.439702330174324807e-01 1.000000000000000000e+00
1.530566324828289138e-02 -8.360503968169550326e-01 1.000000000000000000e+00
-7.304450650498973685e-01 -3.664721129633075614e-01 1.000000000000000000e+00
4.945134526420325027e-02 7.502791087199163211e-01 1.000000000000000000e+00
-9.011319131385004955e-01 -3.593520295084288718e-01 0.000000000000000000e+00
3.648038735730597115e-01 -7.406347131824353447e-01 1.000000000000000000e+00
7.280324611168654814e-01 1.837537461980998654e-01 1.000000000000000000e+00
-8.952815840374305223e-01 3.324294852874534190e-01 0.000000000000000000e+00
-2.824377490022682013e-01 8.490061715830011790e-01 0.000000000000000000e+00
8.350309151950138231e-01 -5.326843228727881074e-01 0.000000000000000000e+00
3.253982564850078085e-01 -7.265382491006321386e-01 1.000000000000000000e+00
1.117216767047446713e-01 7.069905161870375654e-01 1.000000000000000000e+00
2.293946505629900212e-01 -9.144114535713341319e-01 0.000000000000000000e+00
-3.847940758645368442e-01 9.018493981621547029e-01 0.000000000000000000e+00
-9.783153112651733763e-02 -9.499642747688527011e-01 0.000000000000000000e+00
9.003674293631922509e-01 -3.884556265674276032e-01 0.000000000000000000e+00
5.046946789774074960e-01 -8.746509053418300983e-01 0.000000000000000000e+00
6.653215116059774115e-01 -7.474844125403951045e-01 0.000000000000000000e+00
7.368917231585101479e-01 -5.322709849248690173e-01 0.000000000000000000e+00
-6.639923180218025855e-01 -8.326056916031809862e-01 0.000000000000000000e+00
-7.239937109890609568e-01 2.220133303413384662e-01 1.000000000000000000e+00
-2.275154282298480490e-01 -7.183521426509131835e-01 1.000000000000000000e+00
8.616072623953410226e-01 9.851641096912033824e-02 1.000000000000000000e+00
-5.872817808553364438e-01 5.888074672842700252e-01 1.000000000000000000e+00
-8.622335562116325569e-01 -6.054153745261527941e-01 0.000000000000000000e+00
6.042663713566774897e-01 5.722331872073403991e-01 1.000000000000000000e+00
7.790218481471183898e-01 6.315052765714540550e-01 0.000000000000000000e+00
-4.557136769223370520e-01 -6.132631137763489004e-01 1.000000000000000000e+00
-7.369806001797735151e-01 -2.231716554554739607e-01 1.000000000000000000e+00
-6.229907941262839977e-01 -3.640593117239930843e-01 1.000000000000000000e+00
-3.607672381747908941e-01 -9.069816750673006522e-01 0.000000000000000000e+00
9.662208250633304019e-01 -2.649645411088225044e-02 0.000000000000000000e+00
-1.176318058507662412e-01 -7.142352071323976315e-01 1.000000000000000000e+00
1.020376660096544041e+00 -1.227653240618119396e-01 0.000000000000000000e+00
9.209594378713925611e-01 4.733174087615472092e-01 0.000000000000000000e+00
-9.595724393826129406e-01 8.485765035428650960e-02 0.000000000000000000e+00
4.178991629875516284e-04 -1.019898392204557025e+00 0.000000000000000000e+00
8.081622144522619955e-01 6.569327177575521315e-01 0.000000000000000000e+00
-8.375950683398702967e-01 3.582660591589507115e-01 1.000000000000000000e+00
-9.817755555408907986e-01 2.129215190929690249e-01 0.000000000000000000e+00
2.745932574810986404e-01 9.331807389735831126e-01 0.000000000000000000e+00
-8.240230044473079163e-01 -9.615261071293318418e-02 1.000000000000000000e+00
-4.201813237176909022e-01 -8.532455660860488456e-01 0.000000000000000000e+00
4.558981958128374146e-01 -8.187835163867324129e-01 0.000000000000000000e+00
-7.171570805631246603e-01 -6.877410210059962115e-01 0.000000000000000000e+00
-1.831414503386339931e-01 -7.654457046032644429e-01 1.000000000000000000e+00
-8.305554598905369179e-01 3.666980635221729345e-01 1.000000000000000000e+00
9.506328524410659897e-01 1.112479284538074181e-01 0.000000000000000000e+00
7.784104031203731289e-01 -7.475039485488531588e-01 0.000000000000000000e+00
-5.734408645030616425e-01 -5.807642872757238228e-01 1.000000000000000000e+00
5.414515471088782173e-01 -8.240281217428070404e-01 0.000000000000000000e+00
-6.907699500136635917e-01 -4.696792250854646689e-01 1.000000000000000000e+00
-5.103278846255230317e-01 -8.010768385446688233e-01 0.000000000000000000e+00
1.126330192638824279e+00 3.392984891878061959e-01 0.000000000000000000e+00
-8.481492560515420109e-01 6.541617735711323656e-01 0.000000000000000000e+00
-6.019444202893209361e-01 -5.106490479926728554e-01 1.000000000000000000e+00
6.018665360683816967e-01 -4.229980993686259239e-01 1.000000000000000000e+00
-6.493603111987135135e-01 -7.873269715161630433e-01 0.000000000000000000e+00
-3.462090969124109185e-01 -7.658305971910329690e-01 1.000000000000000000e+00
1.939505609663325914e-01 -7.956364326314200319e-01 1.000000000000000000e+00
-6.890785713533282841e-01 -3.582572151755031298e-01 1.000000000000000000e+00
1.749599450192409755e-01 -1.038880140823778664e+00 0.000000000000000000e+00
6.663523068965679919e-01 -7.935884344890274944e-01 0.000000000000000000e+00
1.450251341776315206e-01 9.372719360978851721e-01 0.000000000000000000e+00
3.664002580142110554e-01 -9.239840055912431627e-01 0.000000000000000000e+00
9.518069056741937928e-01 2.074773637178521646e-01 0.000000000000000000e+00
6.347329948711910586e-01 3.892763760480357771e-01 1.000000000000000000e+00
6.826360494623793240e-01 3.109490757048626319e-01 1.000000000000000000e+00
9.639579216645363102e-01 -2.675634104678969311e-02 0.000000000000000000e+00
-5.298655791680805249e-01 -8.169645617517641289e-01 0.000000000000000000e+00
8.178174272812828161e-01 7.508406817470333339e-01 0.000000000000000000e+00
4.823239755213810098e-01 -8.348884415725935648e-01 0.000000000000000000e+00
5.863667388414558479e-01 8.430661400166016284e-01 0.000000000000000000e+00
-9.013932101811470421e-01 7.090311339588226125e-02 0.000000000000000000e+00
-7.237711222247732445e-01 3.163617228459900121e-01 1.000000000000000000e+00
7.940782946108481122e-01 -2.756346803608242801e-01 1.000000000000000000e+00
-7.882042573661866003e-01 7.778919433650066662e-02 1.000000000000000000e+00
-7.777894653974096739e-01 -8.633798661339804614e-02 1.000000000000000000e+00
-8.983461699369920117e-01 3.863003751502870897e-01 0.000000000000000000e+00
3.624796575103026441e-01 8.931598610523397985e-01 0.000000000000000000e+00
4.931340488702670166e-01 5.652546744490676289e-01 1.000000000000000000e+00
-4.282160124404725265e-01 -9.782717070901671974e-01 0.000000000000000000e+00
-8.460178330538361546e-01 3.663130058859574434e-01 0.000000000000000000e+00
-8.235522551758370779e-01 -4.753711959649209451e-02 1.000000000000000000e+00
-8.348115049908588770e-01 7.204916658022801901e-01 0.000000000000000000e+00
2.993777728291606155e-01 9.251101350610049234e-01 0.000000000000000000e+00
1.012044842619837626e+00 3.694640184786320003e-02 0.000000000000000000e+00
2.772729401438601138e-01 7.775666879117558716e-01 1.000000000000000000e+00
-5.139917382289811432e-01 6.421749985483414802e-01 1.000000000000000000e+00
2.033377151322302567e-01 -1.035503055054317390e+00 0.000000000000000000e+00
5.342109545316910957e-01 -8.934990640022105746e-01 0.000000000000000000e+00
-7.028235501428163889e-01 3.701984368243615986e-01 1.000000000000000000e+00
8.473801358974948350e-01 -2.416071545065596460e-01 1.000000000000000000e+00
-5.917035043772299607e-01 5.826561640257001962e-01 1.000000000000000000e+00
-4.791978236616593056e-01 6.947486782450300602e-01 1.000000000000000000e+00
8.125982009070104040e-01 -4.715735116323259146e-01 0.000000000000000000e+00
1.791011528186711374e-02 -7.968020768896558748e-01 1.000000000000000000e+00
6.683270161292232947e-01 3.632269725503440294e-01 1.000000000000000000e+00
-4.362817560202176259e-01 -6.171714504435271698e-01 1.000000000000000000e+00
-1.112418237485556460e+00 8.173317012516717606e-02 0.000000000000000000e+00
-1.038421271963455156e-01 1.050041318333022167e+00 0.000000000000000000e+00
-7.586827027768752174e-01 -2.802502185031494064e-01 1.000000000000000000e+00
-7.881924206026638124e-01 -2.790460378429702182e-01 1.000000000000000000e+00
8.186212303564411874e-01 -4.233603581542724759e-02 1.000000000000000000e+00
-6.921403871996949508e-01 3.406050032023123508e-01 1.000000000000000000e+00
-8.907091996947242851e-01 5.397254591808233748e-01 0.000000000000000000e+00
-6.747962580741768690e-01 -5.131276284999364279e-01 1.000000000000000000e+00
9.760767326699972823e-01 4.475469400224894034e-01 0.000000000000000000e+00
2.331504231592818055e-01 1.042674172842556812e+00 0.000000000000000000e+00
8.467250511656431167e-01 4.272000431169748480e-01 0.000000000000000000e+00
9.237328806057143460e-01 3.637599234201833176e-01 0.000000000000000000e+00
8.845258555764051733e-01 4.817111325223383256e-01 0.000000000000000000e+00
3.556096215531764915e-01 -6.962017176273729291e-01 1.000000000000000000e+00
8.434500168594956104e-01 -4.523705878680387427e-01 0.000000000000000000e+00
7.587993324886507240e-01 4.991804715042005292e-01 0.000000000000000000e+00
-9.967873430750652242e-01 3.878232756662124137e-02 0.000000000000000000e+00
-8.423175374358548018e-01 -4.921681556887810838e-02 1.000000000000000000e+00
-3.908220083784189752e-02 -7.738919434936074593e-01 1.000000000000000000e+00
-4.036460541399314872e-01 -6.524384158441952630e-01 1.000000000000000000e+00
1.568051494219530745e-02 9.952930492959777276e-01 0.000000000000000000e+00
-7.458841128944827537e-01 -2.174907633610197177e-01 1.000000000000000000e+00
4.037444013414992483e-02 7.884631189998377865e-01 1.000000000000000000e+00
5.952879800565991086e-01 -8.696373455135368857e-01 0.000000000000000000e+00
-9.168203579576963413e-01 -2.521226062973351834e-01 0.000000000000000000e+00
9.192397669413472638e-02 9.742899957630225538e-01 0.000000000000000000e+00
-3.173145013368307010e-01 8.970179136129267095e-01 0.000000000000000000e+00
5.524355000519201031e-01 4.980877995560488714e-01 1.000000000000000000e+00
8.868146334439200862e-01 -4.680817516421791336e-01 0.000000000000000000e+00
5.631118967561831168e-01 -5.515892431785115457e-01 1.000000000000000000e+00
-5.463387184058077217e-01 -6.679569059471367476e-01 1.000000000000000000e+00
-5.494867834218718217e-02 -7.478667022292504463e-01 1.000000000000000000e+00
4.024405769141820577e-01 -6.354126220592609675e-01 1.000000000000000000e+00
7.968458258984392195e-01 6.711918687130750960e-02 1.000000000000000000e+00
-8.315193373047727876e-01 -2.411974729808936263e-02 1.000000000000000000e+00
7.326651285105811873e-02 9.844714785226879039e-01 0.000000000000000000e+00
-6.121678362004520091e-01 -4.879876440827324857e-01 1.000000000000000000e+00
-7.921554299830068091e-01 -6.539550964214883022e-01 0.000000000000000000e+00
5.951863723462956779e-01 6.143653270080707829e-01 1.000000000000000000e+00
-4.032795362472260670e-01 -7.310639021732533438e-01 1.000000000000000000e+00
-2.854349526421572358e-01 7.621553784005250520e-01 1.000000000000000000e+00
3.946399402103750731e-01 9.141591160173424546e-01 0.000000000000000000e+00
5.923660973113547001e-01 -8.062773891868900700e-01 0.000000000000000000e+00
9.074041262773112626e-01 -2.302025343131191837e-01 0.000000000000000000e+00
5.711964241818490162e-01 -7.757522983207616463e-01 0.000000000000000000e+00
8.684907060891428054e-02 -8.968812084570561005e-01 0.000000000000000000e+00
5.763056884930632950e-01 8.206831559881829774e-01 0.000000000000000000e+00
-9.611684318057114318e-01 4.222374688408556120e-01 0.000000000000000000e+00
3.265718561933420028e-01 6.771920940793473287e-01 1.000000000000000000e+00
-3.804103247922225872e-01 6.051018298321595434e-01 1.000000000000000000e+00
-9.016194161645338934e-01 5.120916703386060309e-01 0.000000000000000000e+00
4.237233485993993631e-02 -8.188710916735386647e-01 1.000000000000000000e+00
3.967727117565104100e-01 8.631001074569827347e-01 0.000000000000000000e+00
3.517525985566858915e-01 6.758836474373810521e-01 1.000000000000000000e+00
-2.360969030231773180e-01 -9.721201721789299866e-01 0.000000000000000000e+00
-5.832837728452321402e-01 -7.237544645108690000e-01 0.000000000000000000e+00
5.676978951671807216e-01 6.873294050979645853e-01 1.000000000000000000e+00
7.012430716031564648e-02 -9.064240128692866438e-01 0.000000000000000000e+00
-9.899599033260159109e-01 -2.462286146961133737e-01 0.000000000000000000e+00
-7.742451207445555372e-01 1.757908488935939761e-01 1.000000000000000000e+00
7.928609590573532095e-02 -9.954402653809159007e-01 0.000000000000000000e+00
6.753163134043539406e-01 -4.874871649275878127e-01 1.000000000000000000e+00
-8.663090691956348843e-01 -3.332069074923228458e-01 0.000000000000000000e+00
6.056615374394855866e-01 6.904234802470721188e-01 0.000000000000000000e+00
4.008990869568568871e-01 -7.076047150097812821e-01 1.000000000000000000e+00
-9.410769842292078247e-01 3.161664249188483322e-01 0.000000000000000000e+00
5.171677606996744059e-01 8.098192296152729730e-01 0.000000000000000000e+00
7.277543594655411230e-01 -6.120545053128956248e-01 0.000000000000000000e+00
-3.052152905549835871e-01 9.441294574963599029e-01 0.000000000000000000e+00
-9.735933820791373705e-01 5.656119323839359225e-02 0.000000000000000000e+00
4.156733472823553877e-01 -9.665976019067208380e-01 0.000000000000000000e+00
-2.962971713332017698e-01 1.014635679378851574e+00 0.000000000000000000e+00
9.678078103142074839e-01 -4.571036368294902341e-01 0.000000000000000000e+00
3.655479707675987622e-01 8.869609321811925406e-01 0.000000000000000000e+00
-9.360822961565665734e-01 3.099007584538581717e-01 0.000000000000000000e+00
-8.048249001725955587e-01 -6.364982583944656103e-02 1.000000000000000000e+00
7.182588084709589094e-01 2.302165890506577828e-01 1.000000000000000000e+00
4.206228001551985396e-01 -5.191277899416563146e-01 1.000000000000000000e+00
2.376834484250049950e-01 -8.408216641517153311e-01 1.000000000000000000e+00
-6.997185822607002725e-01 4.761875853741102116e-01 1.000000000000000000e+00
-2.053473286018815680e-01 7.758451042907483775e-01 1.000000000000000000e+00
1.786208196946413584e-01 -8.122781119517390458e-01 1.000000000000000000e+00
4.308144411859232137e-01 -6.690498089927081615e-01 1.000000000000000000e+00
-9.054469965110731877e-01 1.278556929179469337e-01 1.000000000000000000e+00
-8.141657426797351826e-01 -4.472520480326457326e-01 0.000000000000000000e+00
-7.099669439731711718e-01 -9.992931929481804754e-02 1.000000000000000000e+00
-7.707643000005094391e-01 2.194108064731828955e-01 1.000000000000000000e+00
-9.752652490704070143e-01 8.881228691864001545e-02 0.000000000000000000e+00
5.649044798800958445e-01 -8.574411905878175366e-01 0.000000000000000000e+00
-2.237272462149944297e-01 9.700922808882808113e-01 0.000000000000000000e+00
9.409714958519295180e-01 9.564333317265213963e-02 0.000000000000000000e+00
-3.424384728784560794e-01 9.038043278001320902e-01 0.000000000000000000e+00
4.234993083197716168e-01 -5.784868544182329986e-01 1.000000000000000000e+00
2.819801892717869185e-01 -7.636934359167742992e-01 1.000000000000000000e+00
-8.117146575728543256e-01 -2.503378661845329645e-01 1.000000000000000000e+00
1.519902156517117242e-01 -7.923605260250230486e-01 1.000000000000000000e+00
6.121905505412213178e-02 -8.066435990113748344e-01 1.000000000000000000e+00
-2.289116835843872932e-01 8.413246788555616140e-01 1.000000000000000000e+00
-3.616843958141655602e-01 -9.766878973212012038e-01 0.000000000000000000e+00
9.829446027327616298e-01 -2.284100163879122236e-01 0.000000000000000000e+00
9.938470965468060303e-01 4.368877785467519259e-01 0.000000000000000000e+00
7.324995361683011019e-01 -2.497041187407096074e-01 1.000000000000000000e+00
5.988794029644736172e-01 -7.911585653530531781e-01 0.000000000000000000e+00
-2.195569986049311362e-01 7.369179381407816587e-01 1.000000000000000000e+00
3.482760018251285783e-01 -1.001674251959150830e+00 0.000000000000000000e+00
3.649605826278393694e-01 1.041103837755655181e+00 0.000000000000000000e+00
9.951148424166417206e-01 -2.153666758305156637e-01 0.000000000000000000e+00
5.690455624077963570e-01 -7.756366619513679339e-01 0.000000000000000000e+00
-8.432738810312802036e-01 4.805062650376352718e-01 0.000000000000000000e+00
-4.099794124448520316e-01 -6.243212337223363884e-01 1.000000000000000000e+00
2.557316622649168369e-01 -7.162353421726541658e-01 1.000000000000000000e+00
7.006975425022695658e-01 -6.724166501745185709e-01 0.000000000000000000e+00
-3.383840896999638082e-01 -8.320985068185970945e-01 1.000000000000000000e+00
9.238324249914975361e-01 3.428058035009732274e-01 0.000000000000000000e+00
-1.001669814712559781e+00 -5.875382292732238276e-02 0.000000000000000000e+00
7.019834863697309579e-01 5.612951399066177238e-01 0.000000000000000000e+00
-2.586198635779825283e-02 -9.703960482210923777e-01 0.000000000000000000e+00
-2.847196419285427105e-01 7.219123991100580007e-01 1.000000000000000000e+00
5.183616522757974465e-01 4.323310522779886811e-01 1.000000000000000000e+00
5.134140810171367031e-01 -5.431490263889032777e-01 1.000000000000000000e+00
6.888886863749934530e-01 -3.426688477731643645e-01 1.000000000000000000e+00
-1.110378474263074011e+00 1.509845559750997990e-01 0.000000000000000000e+00
-9.929616512268885087e-01 2.266526512446052632e-01 0.000000000000000000e+00
-5.906790653091749110e-01 -4.420514843078370282e-01 1.000000000000000000e+00
1.016287527285705927e+00 2.468694427125228963e-01 0.000000000000000000e+00
-8.867168940983319869e-01 -4.731979989316683066e-01 0.000000000000000000e+00
8.741446486903559077e-01 -3.939292595611674774e-01 0.000000000000000000e+00
-1.846875030989773847e-01 7.747115125530145141e-01 1.000000000000000000e+00
1.022663815057175851e+00 -3.684940635683682519e-02 0.000000000000000000e+00
-1.282833683798987878e-01 -8.116163372238475171e-01 1.000000000000000000e+00
4.789997943161691113e-02 9.681481217930596461e-01 0.000000000000000000e+00
-7.666476780677387026e-01 6.775577893271459429e-01 0.000000000000000000e+00
-6.940340080451098403e-01 -5.673936258183907011e-01 0.000000000000000000e+00
9.378915027179457464e-01 1.020567264687003706e-01 0.000000000000000000e+00
8.448672257352539683e-01 4.305320019100655760e-01 0.000000000000000000e+00
2.733984485465076886e-01 -8.043458175637814289e-01 1.000000000000000000e+00
-8.369373028690167693e-03 8.458284205826168689e-01 1.000000000000000000e+00
3.030735207054293667e-01 7.489090548708440265e-01 1.000000000000000000e+00
-4.137923001923252131e-02 -1.024758115260783420e+00 0.000000000000000000e+00
-7.123124354186582963e-01 6.698267961768220591e-01 0.000000000000000000e+00
-6.603034421633970918e-01 3.893800595562721956e-01 1.000000000000000000e+00
-1.971761313683776662e-01 -7.690565356681894338e-01 1.000000000000000000e+00
-6.837657845205363794e-01 -7.602631015122323088e-01 0.000000000000000000e+00
-5.697037849565420586e-01 -5.024434696007746837e-01 1.000000000000000000e+00
-3.910217432379023417e-01 -6.199432184139046509e-01 1.000000000000000000e+00
-8.241757385024712779e-01 6.487536192512421973e-02 1.000000000000000000e+00
7.441277282782209346e-01 -1.736104085216154391e-01 1.000000000000000000e+00
-5.645923108936734547e-01 7.365534566036535669e-01 0.000000000000000000e+00
-6.789368352256311412e-02 -9.499099084758156897e-01 0.000000000000000000e+00
-7.162960781521111597e-01 -4.983922009699047195e-01 1.000000000000000000e+00
2.707807603934059837e-01 -1.023291124927109719e+00 0.000000000000000000e+00
-7.140081610410078383e-01 -4.763991741748800635e-02 1.000000000000000000e+00
3.945843411221201524e-01 -7.106132269004105106e-01 1.000000000000000000e+00
8.196202246199696395e-01 3.488043359813638444e-01 1.000000000000000000e+00
-3.717032982995637780e-01 6.257015171545358134e-01 1.000000000000000000e+00
-1.060763073239568088e+00 -1.044705436301266721e-01 0.000000000000000000e+00
8.766897434085467733e-01 4.797636807577642104e-01 0.000000000000000000e+00
5.664480106395561876e-01 -5.746934502350851126e-01 1.000000000000000000e+00
-2.869400028162117922e-01 6.449431118091883963e-01 1.000000000000000000e+00
-7.962821842291752938e-01 6.405537852661864484e-01 0.000000000000000000e+00
6.238370519014687643e-01 5.120669608708163789e-01 1.000000000000000000e+00
-6.581989815349803541e-01 4.331165939071204840e-01 1.000000000000000000e+00
5.296360176166823308e-01 6.654345588458335792e-01 1.000000000000000000e+00
8.203569667511930730e-01 4.380375695473856523e-02 1.000000000000000000e+00
-5.855910362591281171e-01 -5.491196671529439133e-01 1.000000000000000000e+00
9.447875493123634172e-01 -1.290430111675742730e-01 0.000000000000000000e+00
-6.058259674870944966e-01 4.018861513629197191e-01 1.000000000000000000e+00
7.659531755415724397e-02 -8.192611966409317770e-01 1.000000000000000000e+00
-7.182288364720282869e-01 -4.847187647448957248e-01 1.000000000000000000e+00
-7.249026482339973598e-02 -1.050443111583500899e+00 0.000000000000000000e+00
7.008179732142718610e-01 3.260812077720238178e-01 1.000000000000000000e+00
5.505727737860768300e-01 -7.102018068425410835e-01 0.000000000000000000e+00
8.447249264286731396e-01 -4.685375194204831062e-01 0.000000000000000000e+00
-3.735633434130536945e-01 8.342898614659974843e-01 0.000000000000000000e+00
5.456145956978240008e-01 9.019532917345546297e-01 0.000000000000000000e+00
-5.923925296069298962e-01 -8.048543533636735026e-01 0.000000000000000000e+00
8.015745241189754511e-01 -2.219822623956572427e-01 1.000000000000000000e+00
1.095613951899667288e-01 8.732627048821487437e-01 1.000000000000000000e+00
-5.390393088986399350e-01 7.645526685038475101e-01 1.000000000000000000e+00
7.624926512056192651e-01 1.608084311549185519e-01 1.000000000000000000e+00
3.136057241031323106e-01 7.845586298381859169e-01 1.000000000000000000e+00
8.417251173916373563e-01 5.860723042818338779e-01 0.000000000000000000e+00
-3.511546086238335196e-01 -9.858938584488214918e-01 0.000000000000000000e+00
-3.292751077250925112e-02 7.296252138266153819e-01 1.000000000000000000e+00
5.407336571122579594e-01 8.659825560262415234e-01 0.000000000000000000e+00
-7.217246842377094129e-01 1.659665796973460589e-02 1.000000000000000000e+00
-2.069370329579722223e-01 -8.236919857963405089e-01 1.000000000000000000e+00
-8.136263681306645790e-01 -6.370245203353872565e-01 0.000000000000000000e+00
-2.235691529604037497e-01 7.808560472290843046e-01 1.000000000000000000e+00
-6.594344626651451602e-01 7.780260779669885274e-01 0.000000000000000000e+00
-5.248400166987164939e-01 6.541168219955294516e-01 1.000000000000000000e+00
7.183284034078174507e-01 -4.607050140029181340e-01 1.000000000000000000e+00
-3.500486998589765752e-01 -6.443233655259743564e-01 1.000000000000000000e+00
-4.426007683436233298e-01 -8.866122238400112598e-01 0.000000000000000000e+00
-5.127491521950966469e-01 7.187656090547792642e-01 1.000000000000000000e+00
4.719280793410443042e-01 6.197591599359544290e-01 1.000000000000000000e+00
-4.709395981560158262e-01 -4.810765183702108705e-01 1.000000000000000000e+00
-1.026019002185523332e+00 -1.744148839698811404e-02 0.000000000000000000e+00
2.482932095006603890e-01 8.387523233911501341e-01 1.000000000000000000e+00
-2.493268525380656908e-01 -8.038605580828888097e-01 1.000000000000000000e+00
-1.179023009349429302e-01 7.471147197900682713e-01 1.000000000000000000e+00
-8.524610011865472181e-01 -5.137351765330553377e-01 0.000000000000000000e+00
-1.366028350734224128e-01 8.818379505114588568e-01 1.000000000000000000e+00
-6.924015367102765994e-01 -4.571580297882513189e-01 1.000000000000000000e+00
5.148504843995754809e-01 6.564956020512110468e-01 1.000000000000000000e+00
7.867224604264904109e-01 6.942682696536830456e-01 0.000000000000000000e+00
4.697178418061342398e-01 -7.452746128817356874e-01 1.000000000000000000e+00
-2.873063685171355908e-01 6.936773098622134315e-01 1.000000000000000000e+00
9.654989874216404200e-01 -2.849650029504183224e-01 0.000000000000000000e+00
-5.910370310293794338e-01 -6.117176822906063016e-01 1.000000000000000000e+00
7.589095732729376209e-01 3.088063499545003476e-01 1.000000000000000000e+00
2.011112855484603612e-01 -8.173841485425588083e-01 1.000000000000000000e+00
7.218487535311455261e-01 1.535274992770380709e-01 1.000000000000000000e+00
3.325267507154202606e-01 -8.743384544180328177e-01 0.000000000000000000e+00
1.535994387978702885e-02 9.065824438808059993e-01 0.000000000000000000e+00
-1.254592584332032967e-01 -8.390397596598893060e-01 1.000000000000000000e+00
-3.750786242268727699e-01 -1.026695940747707869e+00 0.000000000000000000e+00
-5.088226314051277344e-01 -8.889480933306040944e-01 0.000000000000000000e+00
2.460801013421205496e-01 -1.021457443916387264e+00 0.000000000000000000e+00
3.377668972312981577e-01 -7.068383941252956992e-01 1.000000000000000000e+00
3.273450314884648327e-01 -6.873278316612776440e-01 1.000000000000000000e+00
8.031272227493657656e-01 -6.961373344083565673e-01 0.000000000000000000e+00
7.424235673743416752e-01 -3.115505768787383833e-01 1.000000000000000000e+00
1.520077539965351832e-01 9.882133097774038477e-01 0.000000000000000000e+00
6.645891341793328522e-01 -5.205041186091962091e-01 1.000000000000000000e+00
-4.401365038995643797e-01 -6.399444304628735258e-01 1.000000000000000000e+00
-9.278469707980407932e-01 -5.648264663248141193e-02 0.000000000000000000e+00
7.325717263018595160e-01 2.741610417857723858e-01 1.000000000000000000e+00
6.012261788521965356e-01 4.351162581846358401e-01 1.000000000000000000e+00
-6.004748051014738852e-01 9.141185231579386228e-01 0.000000000000000000e+00
3.896338967560701860e-01 -8.955010498016974241e-01 0.000000000000000000e+00
-4.531143748590821252e-01 8.182132756230861004e-01 0.000000000000000000e+00
-2.770373592440212307e-01 -9.749251179836132541e-01 0.000000000000000000e+00
-2.741630024200681359e-01 -8.898084256996710018e-01 0.000000000000000000e+00
-4.330195326729132654e-01 7.309343915527539703e-01 1.000000000000000000e+00
7.678863772897366324e-01 5.324922873996368322e-02 1.000000000000000000e+00
-8.174835721871723804e-01 5.502421121339919896e-01 0.000000000000000000e+00
8.176399811225056879e-01 -1.206126665151659866e-01 1.000000000000000000e+00
6.183769692739933266e-01 5.861983651908851956e-01 0.000000000000000000e+00
7.756582787040725568e-01 5.790922539905335453e-01 0.000000000000000000e+00
7.581462439023379796e-01 -1.123535041021926362e-01 1.000000000000000000e+00
7.809388402363067749e-01 2.649950411218434873e-02 1.000000000000000000e+00
2.578262092546670936e-01 7.866373253128048360e-01 1.000000000000000000e+00
2.323360169568443323e-01 -1.021507555386056865e+00 0.000000000000000000e+00
6.922668942633435352e-01 -3.566789394031448790e-01 1.000000000000000000e+00
6.600308813046501522e-01 4.393799197530268152e-01 1.000000000000000000e+00
6.552680084764026525e-01 -7.178893353565840574e-01 0.000000000000000000e+00
-6.440882783395648348e-01 7.921081847942031962e-01 0.000000000000000000e+00
-6.165005200565609744e-01 -3.184523345354204893e-01 1.000000000000000000e+00
9.383538237098263401e-01 -2.114529982040378731e-01 0.000000000000000000e+00
7.055888658056362894e-01 2.386573887987460396e-01 1.000000000000000000e+00
-8.180328064311367942e-02 -8.362596893936231623e-01 1.000000000000000000e+00
9.036198057455301358e-01 3.297177804974072424e-01 0.000000000000000000e+00
7.910205957295067813e-01 3.939783220749196180e-01 1.000000000000000000e+00
-9.534379416317561029e-01 -1.418353143916327996e-01 0.000000000000000000e+00
-6.367504271079831302e-01 5.393015267053339334e-01 1.000000000000000000e+00
-8.973730989168356986e-01 3.588534471685239091e-01 0.000000000000000000e+00
4.454914674051689838e-01 -5.995935637142418839e-01 1.000000000000000000e+00
7.012218881783468527e-01 3.492987322986921828e-01 1.000000000000000000e+00
3.488194826118983793e-01 -8.883561468639417091e-01 0.000000000000000000e+00
2.839047217279346350e-02 -9.702575072743985229e-01 0.000000000000000000e+00
1.055191850518340857e+00 -3.188560903520881729e-01 0.000000000000000000e+00
1.771101742662403722e-01 8.050847445678677161e-01 1.000000000000000000e+00
-1.691902185160684691e-01 -7.649075407651146907e-01 1.000000000000000000e+00
6.500680221989357799e-01 -4.386342910739141066e-01 1.000000000000000000e+00
-2.838143280549327296e-01 -9.052379879760226178e-01 0.000000000000000000e+00
6.616370151487854789e-01 8.316569899764468810e-01 0.000000000000000000e+00
-5.228473595653760908e-01 5.601125237974935445e-01 1.000000000000000000e+00
-1.926667297687537084e-01 -1.080611370244825453e+00 0.000000000000000000e+00
2.653628617195763484e-01 -7.117109753016910290e-01 1.000000000000000000e+00
-4.558120199852596088e-01 -8.915810902685903372e-01 0.000000000000000000e+00
9.904553486532550188e-01 3.407142852032208902e-01 0.000000000000000000e+00
1.030443550449573475e+00 -4.148734045153312233e-01 0.000000000000000000e+00
4.972088612285319731e-01 -7.580426582634871568e-01 1.000000000000000000e+00
-5.405093670694216534e-01 8.649644472541757612e-01 0.000000000000000000e+00
-6.764515862752064068e-01 -3.048892399932885411e-01 1.000000000000000000e+00
2.951619285502544709e-01 6.212910202994894604e-01 1.000000000000000000e+00
6.101615629726098167e-01 -7.502896144384483268e-01 0.000000000000000000e+00
-8.533711430568557965e-01 1.825855683428754817e-01 1.000000000000000000e+00
-9.406945643885922248e-01 -2.887947149984532724e-01 0.000000000000000000e+00
2.833063840293729152e-01 1.008285915500714447e+00 0.000000000000000000e+00
9.179602137058436861e-01 3.140751632796712212e-01 0.000000000000000000e+00
-6.588497936549863043e-01 -7.389068628552035722e-01 0.000000000000000000e+00
-1.028490575042350752e+00 -9.062502444111614208e-02 0.000000000000000000e+00
9.407086889752814818e-01 9.499312263051300220e-02 0.000000000000000000e+00
7.638023836436249603e-01 2.521971328226668696e-01 1.000000000000000000e+00
-6.593971473771610414e-01 8.274250924027606313e-01 0.000000000000000000e+00
-6.972096587124140266e-01 -7.373971177423606083e-01 0.000000000000000000e+00
-8.985150517610084042e-02 8.167379318190245430e-01 1.000000000000000000e+00
1.410130140305374258e-01 7.976011681932088093e-01 1.000000000000000000e+00
-4.827804977145217502e-01 5.631290189511483080e-01 1.000000000000000000e+00
3.941052083679552620e-01 -9.102505306647067362e-01 0.000000000000000000e+00
3.457303289966084381e-01 9.810629068254302920e-01 0.000000000000000000e+00
8.637620720718992562e-01 6.153053171138178623e-01 0.000000000000000000e+00
5.515912603308349427e-01 -6.681568991540108859e-01 1.000000000000000000e+00
4.310720870656252757e-01 6.467427180906923923e-01 1.000000000000000000e+00
8.196387269211021787e-01 -4.623992502242904590e-02 1.000000000000000000e+00
3.726474758013178512e-01 -7.138111481217541687e-01 1.000000000000000000e+00
7.119656966194763958e-01 -1.007804188157551267e-01 1.000000000000000000e+00
6.825138394565751776e-01 6.892377044535998865e-01 0.000000000000000000e+00
-9.329224473834557552e-01 -3.676977837514533443e-01 0.000000000000000000e+00
-6.545614282890550584e-01 8.333552358172370278e-01 0.000000000000000000e+00
6.980518310342689881e-02 -7.394079710564850361e-01 1.000000000000000000e+00
-5.976509599934890504e-01 8.818766200679012401e-01 0.000000000000000000e+00
-2.734917695525664310e-03 8.044902225819549058e-01 1.000000000000000000e+00
1.762291811671841402e-01 -8.487539454005044171e-01 1.000000000000000000e+00
4.696674519534772552e-01 -7.565787382101036851e-01 1.000000000000000000e+00
-7.582313691079045626e-01 -6.008486529086720651e-01 0.000000000000000000e+00
-5.138529403932311501e-01 7.929008111471438358e-01 0.000000000000000000e+00
-2.228931271794580837e-01 7.139055012078464602e-01 1.000000000000000000e+00
-7.394499761278564565e-01 5.174879040282207576e-01 0.000000000000000000e+00
-5.750600032802570816e-01 5.368540796510148372e-01 1.000000000000000000e+00
2.478959648225104728e-01 9.976141168514208735e-01 0.000000000000000000e+00
9.187173667215482731e-02 1.070285783371884625e+00 0.000000000000000000e+00
2.879990413189787990e-01 -6.867588763395291451e-01 1.000000000000000000e+00
5.224048315877249937e-01 5.416786803767850156e-01 1.000000000000000000e+00
-8.769525707651251167e-01 8.427814390878946016e-03 1.000000000000000000e+00
7.706008009781155632e-01 1.628426260869980380e-01 1.000000000000000000e+00
3.793384023462127996e-01 9.482980399050099374e-01 0.000000000000000000e+00
8.152016435880435896e-01 7.130015982209400582e-02 1.000000000000000000e+00
7.370138056403371385e-01 8.565428362557192532e-04 1.000000000000000000e+00
9.849454375315419563e-01 4.363971425323151521e-02 0.000000000000000000e+00
1.010693732553622493e+00 -5.007996513281361972e-01 0.000000000000000000e+00
7.598166802299989309e-01 -4.859442895851795452e-01 1.000000000000000000e+00
-9.030351082717715805e-01 -2.514484901253085658e-01 0.000000000000000000e+00
9.696329680619319991e-01 -5.384592428506392858e-01 0.000000000000000000e+00
-1.823849984778556088e-01 1.045016193624974443e+00 0.000000000000000000e+00
8.289696744508430193e-01 5.413897701623826553e-01 0.000000000000000000e+00
5.931552385498580771e-01 6.690880979262615602e-01 0.000000000000000000e+00
5.672017131702393744e-01 5.271196340048461826e-01 1.000000000000000000e+00
-7.343034363318461377e-01 2.222700968577796532e-01 1.000000000000000000e+00
1.925839747027306703e-03 7.598377665422109128e-01 1.000000000000000000e+00
-7.593478196611310738e-01 1.823763456448115883e-01 1.000000000000000000e+00
-6.367253288571310677e-01 4.452969838630279620e-01 1.000000000000000000e+00
9.371584423940403363e-01 -1.465427295755696024e-01 0.000000000000000000e+00
6.977955517634500948e-01 3.054509836312311322e-01 1.000000000000000000e+00
6.514670952034291584e-01 -6.972448236640058639e-01 0.000000000000000000e+00
8.288515980660527971e-01 -4.689628473522750585e-01 0.000000000000000000e+00
-9.841456891604448698e-01 2.081983610084104930e-01 0.000000000000000000e+00
-7.637450755568583327e-01 -5.722802303547660507e-01 0.000000000000000000e+00
-6.974392409030034656e-01 -6.351611220841477112e-02 1.000000000000000000e+00
5.606922352483236782e-01 7.332838459942436771e-01 0.000000000000000000e+00
3.223995087854423791e-01 7.323941473724274731e-01 1.000000000000000000e+00
5.114832182035473629e-01 8.487663337426194499e-01 0.000000000000000000e+00
1.932480884788605746e-01 -7.826192312675772644e-01 1.000000000000000000e+00
-4.125654707355656814e-02 -8.442104826038800969e-01 1.000000000000000000e+00
-4.471012441416009620e-01 -6.291545427172255955e-01 1.000000000000000000e+00
-5.454732975127403183e-01 6.084093553225216056e-01 1.000000000000000000e+00
-9.280162555066644448e-01 -4.016778695772494356e-01 0.000000000000000000e+00
-7.897178136834475115e-01 4.565267708113265321e-01 0.000000000000000000e+00
-9.828236847840775559e-01 -2.376488963115898079e-01 0.000000000000000000e+00
2.643789750912415304e-01 8.070852641224794954e-01 1.000000000000000000e+00
-4.434556135249744790e-01 -6.659419378305356796e-01 1.000000000000000000e+00
-6.236156981743085082e-01 7.431650568286721770e-01 0.000000000000000000e+00
-7.138296398089616357e-01 -6.809205704560752359e-01 0.000000000000000000e+00
6.062096408701574957e-01 8.244104188962266822e-01 0.000000000000000000e+00
-1.030899673389335636e+00 3.097344793017760001e-01 0.000000000000000000e+00
-6.691628798741731110e-01 6.452993136526213869e-01 0.000000000000000000e+00
-4.402509993477056183e-01 6.670682509329084464e-01 1.000000000000000000e+00
8.026282334907977045e-01 6.247169879821714567e-01 0.000000000000000000e+00
1.047530057249556057e+00 3.318540012518685356e-01 0.000000000000000000e+00
8.710594614306150785e-01 -1.246206493140837590e-01 1.000000000000000000e+00
-1.824279244297941638e-01 -1.026648307664546733e+00 0.000000000000000000e+00
6.771024964848669780e-01 -4.754707231463494721e-01 1.000000000000000000e+00
7.606042077014264491e-01 -6.984163439311701360e-01 0.000000000000000000e+00
3.782507125834433381e-02 1.028006391860471824e+00 0.000000000000000000e+00
7.844096020509869760e-01 1.953803544861754671e-01 1.000000000000000000e+00
7.757824849731451700e-01 -3.423448340169946147e-02 1.000000000000000000e+00
9.926797035055214824e-01 5.463567596162685613e-02 0.000000000000000000e+00
-1.906103371760085874e-01 1.003114609623510400e+00 0.000000000000000000e+00
-7.126179711871858391e-01 3.130348630600982562e-01 1.000000000000000000e+00
-8.151926693664168777e-01 4.896266817304795183e-02 1.000000000000000000e+00
-6.238992212756413469e-01 -4.220328227872146010e-01 1.000000000000000000e+00
1.008196733402370482e+00 4.576472567411686843e-01 0.000000000000000000e+00
6.711014866072366747e-01 -5.330461463977620440e-01 1.000000000000000000e+00
2.618014583038572041e-01 7.766987720068243561e-01 1.000000000000000000e+00
-2.808810420780679662e-01 -9.718767721936850679e-01 0.000000000000000000e+00
-5.904078131813667030e-01 -7.930638659364603882e-01 0.000000000000000000e+00
1.846591529577674695e-01 8.006068481649436519e-01 1.000000000000000000e+00
-7.379198232111248146e-01 -3.602213890205776536e-01 1.000000000000000000e+00
-8.477818483694984364e-01 -4.928400177444872132e-01 0.000000000000000000e+00
8.252176907022911179e-01 -2.411800174643952133e-02 1.000000000000000000e+00
-9.798545326049591386e-01 -1.877396876682564664e-01 0.000000000000000000e+00
-7.150519524509527658e-01 6.026517049371123980e-01 0.000000000000000000e+00
-6.483251023196032747e-01 -2.677893082380671808e-01 1.000000000000000000e+00
9.240809659072679594e-01 5.124794691643141942e-01 0.000000000000000000e+00
6.947784334031634756e-01 -4.104631452174362094e-02 1.000000000000000000e+00
-8.327108008272900985e-01 6.291670852632307298e-01 0.000000000000000000e+00
-7.618553599847631697e-01 6.836835945122239355e-01 0.000000000000000000e+00
-2.070215158311780324e-01 -7.781764869134716323e-01 1.000000000000000000e+00
8.055265150518849948e-01 -3.382082497537863136e-02 1.000000000000000000e+00
-8.687569048270255001e-01 -1.258475009249170329e-01 1.000000000000000000e+00
-9.593425209462206338e-01 4.231393882902357295e-01 0.000000000000000000e+00
1.011358113218513211e+00 -1.736359122490705731e-01 0.000000000000000000e+00
9.124190849490712019e-01 4.930679067161130025e-01 0.000000000000000000e+00
7.484363129937084969e-01 3.210307347405570999e-01 1.000000000000000000e+00
3.303515949646153027e-01 -7.779120034149191731e-01 1.000000000000000000e+00
6.255131775868111310e-02 9.055241383342198525e-01 0.000000000000000000e+00
-4.093493028263628375e-01 9.885163325448853566e-01 0.000000000000000000e+00
-4.765818862757206231e-01 -6.874020336605407566e-01 1.000000000000000000e+00
3.432710956607455677e-02 7.949954627101362137e-01 1.000000000000000000e+00
-9.458088929315693338e-01 -7.034437911743687821e-02 0.000000000000000000e+00
5.924858433328283880e-01 -8.218837286302019818e-01 0.000000000000000000e+00
-7.211685014830802043e-01 -6.805522524760054814e-01 0.000000000000000000e+00
-5.510949317034921080e-01 5.997559336349360670e-01 1.000000000000000000e+00
-5.500033794704416445e-01 -6.144291452133180398e-01 1.000000000000000000e+00
-1.676581604802412084e-01 -8.262137085799086123e-01 1.000000000000000000e+00
4.329104542406509576e-02 -7.983615716375483951e-01 1.000000000000000000e+00
-4.792429170321910181e-01 8.656136101599364308e-01 0.000000000000000000e+00
-7.048157630268904184e-01 -6.241860169227875232e-01 0.000000000000000000e+00
-5.528421620748434906e-01 9.473502733139431697e-01 0.000000000000000000e+00
-8.416312603057866104e-01 2.865946778275781093e-02 1.000000000000000000e+00
-8.375126098986717116e-01 8.957118829216843825e-02 1.000000000000000000e+00
9.534973299060568452e-01 -4.614551996429798186e-01 0.000000000000000000e+00
-8.419831567566649078e-01 4.022525487808471106e-02 1.000000000000000000e+00
7.529705124048302611e-01 2.892987568194795855e-01 1.000000000000000000e+00
-3.455890464112384985e-01 -9.462424727932188251e-01 0.000000000000000000e+00
7.725371587907824411e-01 -5.597309511081932643e-01 0.000000000000000000e+00
-2.255568889035346469e-01 -7.859404922158423901e-01 1.000000000000000000e+00
-5.686661204181406859e-01 5.608425445055990055e-01 1.000000000000000000e+00
-4.182008937756312994e-01 -8.530039287529335157e-01 0.000000000000000000e+00
8.885597494036793220e-01 5.281136769512531082e-01 0.000000000000000000e+00
6.778804390697279469e-01 -9.106439977897400340e-01 0.000000000000000000e+00
8.347422589348248989e-01 4.206057584106234204e-01 0.000000000000000000e+00
-7.682692056853115403e-01 6.146692592918475695e-01 0.000000000000000000e+00
-7.243329754447880298e-01 7.632997383828978855e-01 0.000000000000000000e+00
7.359632075585601507e-01 -2.283809590906999143e-01 1.000000000000000000e+00
-7.408855830696479128e-01 -5.608695561225816029e-01 0.000000000000000000e+00
-7.892694561684263643e-01 3.832013133923600767e-01 0.000000000000000000e+00
7.135653642039581079e-01 -6.358024352211055774e-01 0.000000000000000000e+00
-3.695819502590025896e-01 -8.563515938898837998e-01 0.000000000000000000e+00
-2.366717788205583151e-01 -7.681521776257037581e-01 1.000000000000000000e+00
-5.327510194306615821e-02 7.616085125427639602e-01 1.000000000000000000e+00
-3.468022744648567857e-01 1.003028458871957129e+00 0.000000000000000000e+00
5.221494117265250701e-01 8.510008884268543961e-01 0.000000000000000000e+00
5.832545601975797078e-01 -5.493399996894128279e-01 1.000000000000000000e+00
7.891630516306120668e-01 -3.286479921414202088e-01 1.000000000000000000e+00
2.142899432758143263e-01 -1.039437217817760439e+00 0.000000000000000000e+00
-8.558455030340823555e-01 -7.124206639798580376e-01 0.000000000000000000e+00
-1.008853840273288505e+00 8.100589106777678072e-02 0.000000000000000000e+00
-4.138063930170890470e-01 7.586155256009140535e-01 1.000000000000000000e+00
-9.300767872411901394e-01 -2.610491236166477824e-01 0.000000000000000000e+00
-2.948339398881489326e-01 7.559595291787498672e-01 1.000000000000000000e+00
-9.386282782359960386e-01 2.618368269373841928e-01 0.000000000000000000e+00
-4.843220821103450535e-01 -8.662850454122866806e-01 0.000000000000000000e+00
-3.916511563968301246e-01 7.831292746996475485e-01 1.000000000000000000e+00
-4.283389934746372196e-01 5.711524980971776078e-01 1.000000000000000000e+00
-9.058628121205869466e-01 4.300720359721429409e-01 0.000000000000000000e+00
-4.034684182945689201e-01 -6.337788857136390508e-01 1.000000000000000000e+00
3.055664377965260914e-01 8.892088492388044996e-01 0.000000000000000000e+00
6.193827556289628333e-01 5.215813520494679834e-01 1.000000000000000000e+00
-2.809249408290609429e-01 -7.197953858029778607e-01 1.000000000000000000e+00
2.189770569556250823e-01 7.889095956692970812e-01 1.000000000000000000e+00
-5.496765366882607751e-01 -5.329074729915349584e-01 1.000000000000000000e+00
-9.215824744161797977e-01 2.196063913801744871e-01 0.000000000000000000e+00
6.086837874939398096e-01 5.484809093420457415e-01 1.000000000000000000e+00
-5.921455109854121268e-01 -7.428461495894462807e-01 0.000000000000000000e+00
-8.507176483831753178e-01 -5.139486873110055143e-01 0.000000000000000000e+00
7.476305198083716963e-01 2.211024372778824798e-01 1.000000000000000000e+00
6.814047727357014361e-01 -6.504629057791722069e-02 1.000000000000000000e+00
7.148593125601193643e-02 1.045538174253981767e+00 0.000000000000000000e+00
8.220134709251371019e-01 -6.029999965381771521e-01 0.000000000000000000e+00
8.447883126121182862e-01 -4.473952627206121968e-01 0.000000000000000000e+00
-3.270771215273609034e-01 -8.970340929140239172e-01 0.000000000000000000e+00
5.983109271413400432e-02 -9.313603684875877420e-01 0.000000000000000000e+00
1.024814405721169219e+00 7.116100961214308351e-02 0.000000000000000000e+00
-1.100789381651998688e+00 6.741885826328795905e-02 0.000000000000000000e+00
-2.987382083090982521e-01 7.331383767686513453e-01 1.000000000000000000e+00
3.071620721876242369e-02 9.562206363243705987e-01 0.000000000000000000e+00
-6.280534639175505696e-01 8.425478844324053584e-01 0.000000000000000000e+00
7.240227065720787891e-01 -5.090921983958057728e-01 0.000000000000000000e+00
1.142900044321277925e-01 7.922376724985377150e-01 1.000000000000000000e+00
5.119853319053079277e-01 5.623505381587473595e-01 1.000000000000000000e+00
-8.690656495720273655e-01 -4.969311893108108169e-02 1.000000000000000000e+00
7.251399500142182708e-01 -2.756430419540690235e-01 1.000000000000000000e+00
6.064549952574847802e-02 7.920191936776461716e-01 1.000000000000000000e+00
-1.318661970323325716e-01 -7.586762342601763853e-01 1.000000000000000000e+00
6.979177425834555137e-01 -1.638335215969246583e-01 1.000000000000000000e+00
-1.317874079920433317e-01 9.942198679943942130e-01 0.000000000000000000e+00
4.170651512913534642e-01 6.315297993112928276e-01 1.000000000000000000e+00
2.618019729884745739e-01 -8.096656285513511575e-01 1.000000000000000000e+00
4.893425100313855136e-01 7.979243677190873685e-01 0.000000000000000000e+00
-4.450745618204657306e-01 6.477797469102517525e-01 1.000000000000000000e+00
5.574092222877452540e-01 -5.685166334599139892e-01 1.000000000000000000e+00
8.073904615242020189e-01 -3.114392288255999897e-01 1.000000000000000000e+00
-9.864192308070940385e-01 2.417073563211099285e-01 0.000000000000000000e+00
-5.162195454962428265e-01 5.558649475461889811e-01 1.000000000000000000e+00
8.591224323204408320e-01 4.270562274515422585e-01 0.000000000000000000e+00
-6.968522503952148117e-01 5.269605862833887100e-01 1.000000000000000000e+00
8.243648153460609862e-01 1.317964011797673196e-01 1.000000000000000000e+00
-7.860671382691696296e-01 6.921419872579731569e-01 0.000000000000000000e+00
-1.980440146146889291e-01 -9.424277046780396017e-01 0.000000000000000000e+00
6.980901274331384743e-01 -2.711074383201379501e-01 1.000000000000000000e+00
7.798464213458438099e-01 3.016942844127736695e-02 1.000000000000000000e+00
6.392547273031892185e-01 -4.034939637777621435e-01 1.000000000000000000e+00
-7.250736200151279842e-01 6.398749597871542516e-01 0.000000000000000000e+00
-1.074852573096660491e+00 7.494894805148642758e-02 0.000000000000000000e+00
9.623879584860918213e-01 -2.446922090868209054e-01 0.000000000000000000e+00
1.073263222809788253e+00 -1.696908579099122294e-01 0.000000000000000000e+00
-9.370564209060545657e-01 -9.076526559923486781e-02 0.000000000000000000e+00
-7.447274906230330060e-01 7.571907303242448872e-01 0.000000000000000000e+00
4.671660886271732926e-01 6.252372784485519253e-01 1.000000000000000000e+00
9.554649193945089491e-01 -3.797091576704945265e-02 0.000000000000000000e+00
-7.091422903862711902e-01 -9.378973293512471443e-02 1.000000000000000000e+00
7.813581517847708602e-01 7.322367913888938595e-01 0.000000000000000000e+00
-6.446023803227007853e-01 -1.423159139188388544e-01 1.000000000000000000e+00
-5.968016215217616383e-01 -6.012315838759448861e-01 1.000000000000000000e+00
-6.659184130245121569e-01 -3.107239692827124533e-01 1.000000000000000000e+00
6.945410519959676066e-01 -1.926662526546157606e-01 1.000000000000000000e+00
-9.593835018787971736e-01 3.506756201670403472e-01 0.000000000000000000e+00
-6.010150467863419887e-01 5.149147827608498984e-01 1.000000000000000000e+00
-8.102630117159111967e-01 2.507808731146345949e-01 1.000000000000000000e+00
-8.133802680565018761e-01 -7.692871382174676365e-01 0.000000000000000000e+00
-6.654648444918432881e-01 -4.780177714845718073e-01 1.000000000000000000e+00
5.871063327697796375e-01 -6.303949395707277858e-01 1.000000000000000000e+00
8.663015199968471247e-02 7.755712474891414132e-01 1.000000000000000000e+00
5.598670315532788821e-01 5.406370828630454595e-01 1.000000000000000000e+00
-1.244054072266359695e-01 -9.369495146200266245e-01 0.000000000000000000e+00
4.843190681470482817e-02 9.837989703367723271e-01 0.000000000000000000e+00
7.705578025294395061e-01 6.157707853955485255e-01 0.000000000000000000e+00
-7.813113268784195320e-01 2.166225666248083881e-01 1.000000000000000000e+00
6.270057827808415141e-01 -6.104647566674391568e-01 1.000000000000000000e+00
-2.710922353587076616e-02 6.963756997393347747e-01 1.000000000000000000e+00
9.599380907229962956e-01 -6.348550919130735437e-02 0.000000000000000000e+00
1.546116087333678293e-02 -1.039338712274266108e+00 0.000000000000000000e+00
-9.909191319454357938e-01 5.901112411347185505e-02 0.000000000000000000e+00
8.402829642446348890e-01 -6.078649191888478853e-01 0.000000000000000000e+00
1.104611914439102227e+00 -2.593141554495643208e-01 0.000000000000000000e+00
-4.570467146353845433e-01 -7.958981237184133972e-01 1.000000000000000000e+00
-8.125107560632955916e-01 -2.849064253533997726e-01 1.000000000000000000e+00
-6.824679279912527763e-01 -7.420609163365987637e-01 0.000000000000000000e+00
-9.924128375042358396e-02 1.014233108112557735e+00 0.000000000000000000e+00
7.640568749165398410e-01 2.512385630584215157e-01 1.000000000000000000e+00
-2.724727838549884096e-01 6.987929428250048147e-01 1.000000000000000000e+00
6.947276009235554550e-01 -7.138754051423876756e-01 0.000000000000000000e+00
-6.914282763908417007e-01 -4.812049927987482878e-01 1.000000000000000000e+00
5.685077491127880078e-01 -4.840799908038141974e-01 1.000000000000000000e+00
8.290579321375499133e-02 8.591569377188604806e-01 1.000000000000000000e+00
-5.974576188639033614e-01 5.669269864218990929e-01 1.000000000000000000e+00
-1.203786703123841118e-01 -8.895801165591392667e-01 1.000000000000000000e+00
-7.202035888982637468e-01 4.154529988033358601e-01 1.000000000000000000e+00
6.770006849351286604e-01 6.141969690449611274e-01 0.000000000000000000e+00
6.777109706928196031e-01 8.357627601847636978e-01 0.000000000000000000e+00
2.918720154242576692e-01 -9.771453433734154093e-01 0.000000000000000000e+00
1.033394884808432002e+00 3.262066297754607214e-01 0.000000000000000000e+00
7.623495160359832212e-01 -1.792308980906666405e-01 1.000000000000000000e+00
7.243920749514644042e-01 -6.878446391768442414e-01 0.000000000000000000e+00
-6.642251454639306329e-01 -7.278191033475076566e-01 0.000000000000000000e+00
-4.471915662033905114e-01 -5.336909861590788395e-01 1.000000000000000000e+00
-3.263621268098775008e-02 8.441718240783008254e-01 1.000000000000000000e+00
-6.354152436254815184e-01 4.787913116413832215e-01 1.000000000000000000e+00
-5.911654338791979546e-01 -7.967150935555277202e-01 0.000000000000000000e+00