0.81583 4.84 -5.2613 -6.0823 1
-5.4901 9.1048 -0.38758 -5.9763 1
-3.2238 2.7935 0.32274 -0.86078 1
-2.0631 -1.5147 1.219 0.44524 1
-0.91318 -2.0113 -0.19565 0.066365 1
0.6005 1.9327 -3.2888 -0.32415 1
0.91315 3.3377 -4.0557 -1.6741 1
-0.28015 3.0729 -3.3857 -2.9155 1
-3.6085 3.3253 -0.51954 -3.5737 1
-6.2003 8.6806 0.0091344 -3.703 1
-4.2932 3.3419 0.77258 -0.99785 1
-3.0265 -0.062088 0.68604 -0.055186 1
-1.7015 -0.010356 -0.99337 -0.53104 1
-0.64326 2.4748 -2.9452 -1.0276 1
-0.86339 1.9348 -2.3729 -1.0897 1
-2.0659 1.0512 -0.46298 -1.0974 1
-2.1333 1.5685 -0.084261 -1.7453 1
-1.2568 -1.4733 2.8718 0.44653 1
-3.1128 -6.841 10.7402 -1.0172 1
-4.8554 -5.9037 10.9818 -0.82199 1
-2.588 3.8654 -0.3336 -1.2797 1
0.24394 1.4733 -1.4192 -0.58535 1
-1.5322 -5.0966 6.6779 0.17498 1
-4.0025 -13.4979 17.6772 -3.3202 1
-4.0173 -8.3123 12.4547 -1.4375 1
-3.0731 -0.53181 2.3877 0.77627 1
-1.979 3.2301 -1.3575 -2.5819 1
-0.4294 -0.14693 0.044265 -0.15605 1
-2.234 -7.0314 7.4936 0.61334 1
-4.211 -12.4736 14.9704 -1.3884 1
-3.8073 -8.0971 10.1772 0.65084 1
-2.5912 -0.10554 1.2798 1.0414 1
-2.2482 3.0915 -2.3969 -2.6711 1
-1.4427 3.2922 -1.9702 -3.4392 1
-0.39416 -0.020702 -0.066267 -0.44699 1
-1.522 -6.6383 5.7491 -0.10691 1
-2.8267 -9.0407 9.0694 -0.98233 1
-1.7263 -6.0237 5.2419 0.29524 1
-0.94255 0.039307 -0.24192 0.31593 1
-0.89569 3.0025 -3.6067 -3.4457 1
-6.2815 6.6651 0.52581 -7.0107 1
-2.3211 3.166 -1.0002 -2.7151 1
-1.3414 -2.0776 2.8093 0.60688 1
-2.258 -9.3263 9.3727 -0.85949 1
-3.8858 -12.8461 12.7957 -3.1353 1
-1.8969 -6.7893 5.2761 -0.32544 1
-0.52645 -0.24832 -0.45613 0.41938 1
0.0096613 3.5612 -4.407 -4.4103 1
-3.8826 4.898 -0.92311 -5.0801 1
-2.1405 -0.16762 1.321 -0.20906 1
-2.4824 -7.3046 6.839 -0.59053 1
3.7791 2.5762 1.3098 0.5655 0
0.77765 5.9781 1.1941 -0.3526 0
-0.38388 -1.0471 8.0514 0.49567 0
0.21084 9.4359 -0.094543 -1.859 0
2.9571 -4.5938 5.9068 0.57196 0
4.6439 -3.3729 2.5976 0.55257 0
3.3577 -4.3062 6.0241 0.18274 0
3.5127 2.9073 1.0579 0.40774 0
2.6562 10.7044 -3.3085 -4.0767 0
-1.3612 10.694 1.7022 -2.9026 0
-0.278 8.1881 -3.1338 -2.5276 0
1.04 -6.9321 8.2888 -1.2991 0
2.1881 2.7356 1.3278 -0.1832 0
4.2756 -2.6528 2.1375 0.94437 0
-0.11996 6.8741 0.91995 -0.6694 0
2.9736 8.7944 -3.6359 -1.3754 0
3.7798 -3.3109 2.6491 0.066365 0
5.3586 3.7557 -1.7345 1.0789 0
1.8373 6.1292 0.84027 0.55257 0
1.2262 0.89599 5.7568 -0.11596 0
-0.048008 -0.56078 7.7215 0.453 0
0.5706 -0.024841 1.2421 -0.56208 0
4.3634 0.46351 1.4281 2.0202 0
3.482 -4.1634 3.5008 -0.078462 0
0.51947 -3.2633 3.0895 -0.98492 0
2.3164 -2.628 3.1529 -0.08622 0
-1.8348 11.0334 3.1863 -4.8888 0
1.3754 8.8793 -1.9136 -0.53751 0
-0.16682 5.8974 0.49839 -0.70044 0
0.29961 7.1328 -0.31475 -1.1828 0
0.25035 9.3262 -3.6873 -6.2543 0
2.4673 1.3926 1.7125 0.41421 0
0.77805 6.6424 -1.1425 -1.0573 0
3.4465 2.9508 1.0271 0.5461 0
2.2429 -4.1427 5.2333 -0.40173 0
3.7321 -3.884 3.3577 -0.0060486 0
4.3365 -3.584 3.6884 0.74912 0
-2.0759 10.8223 2.6439 -4.837 0
4.0715 7.6398 -2.0824 -1.1698 0
0.76163 5.8209 1.1959 -0.64613 0
-0.53966 7.3273 0.46583 -1.4543 0
2.6213 5.7919 0.065686 -1.5759 0
3.0242 -3.3378 2.5865 -0.54785 0
5.8519 5.3905 -2.4037 -0.061652 0
0.5706 -0.0248 1.2421 -0.5621 0
3.9771 11.1513 -3.9272 -4.3444 0
1.5478 9.1814 -1.6326 -1.7375 0
0.74054 0.36625 2.1992 0.48403 0
0.49571 10.2243 -1.097 -4.0159 0
1.645 7.8612 -0.87598 -3.5569 0
3.6077 6.8576 -1.1622 0.28231 0